20210100|2021010001|M00001|08/01/2021||12|2291115040600071|0056540||1|11111111|||66.10|0.00|11.90|||||||0.00||78.00|PEN|1.000||||||||1|
20210100|2021010001|M00002|08/01/2021||12|2291115040600071|0056541||1|11111111|||24.15|0.00|4.35|||||||0.00||28.50|PEN|1.000||||||||1|
20210100|2021010001|M00003|08/01/2021||12|2291115040600071|0056542||1|11111111|||29.66|0.00|5.34|||||||0.00||35.00|PEN|1.000||||||||1|
20210100|2021010001|M00004|08/01/2021||12|2291115040600071|0056543||1|11111111|||22.03|0.00|3.97|||||||0.00||26.00|PEN|1.000||||||||1|
20210100|2021010001|M00005|08/01/2021||12|2291115040600071|0056544||1|11111111|||30.93|0.00|5.57|||||||0.00||36.50|PEN|1.000||||||||1|
20210100|2021010001|M00006|08/01/2021||12|2291115040600071|0056545||1|11111111|||15.25|0.00|2.75|||||||0.00||18.00|PEN|1.000||||||||1|
20210100|2021010001|M00007|08/01/2021||12|2291115040600071|0056546||1|11111111|||14.41|0.00|2.59|||||||0.00||17.00|PEN|1.000||||||||1|
20210100|2021010001|M00008|08/01/2021||12|2291115040600071|0056547||1|11111111|||7.63|0.00|1.37|||||||0.00||9.00|PEN|1.000||||||||1|
20210100|2021010001|M00009|08/01/2021||12|2291115040600071|0056548||1|11111111|||22.03|0.00|3.97|||||||0.00||26.00|PEN|1.000||||||||1|
20210100|2021010001|M00010|08/01/2021||12|2291115040600071|0056549||1|11111111|||0.00|0.00|0.00|||||||0.00||0.00|PEN|1.000||||||||2|
20210100|2021010001|M00011|08/01/2021||12|2291115040600071|0056550||1|11111111|||38.98|0.00|7.02|||||||0.00||46.00|PEN|1.000||||||||1|
20210100|2021010001|M00012|08/01/2021||12|2291115040600071|0056551||1|11111111|||55.08|0.00|9.92|||||||0.00||65.00|PEN|1.000||||||||1|
20210100|2021010001|M00013|08/01/2021||12|2291115040600071|0056552||1|11111111|||53.39|0.00|9.61|||||||0.00||63.00|PEN|1.000||||||||1|
20210100|2021010001|M00014|08/01/2021||12|2291115040600071|0056553||1|11111111|||41.95|0.00|7.55|||||||0.00||49.50|PEN|1.000||||||||1|
20210100|2021010001|M00015|08/01/2021||12|2291115040600071|0056554||1|11111111|||41.53|0.00|7.47|||||||0.00||49.00|PEN|1.000||||||||1|
20210100|2021010001|M00016|08/01/2021||12|2291115040600071|0056555||1|11111111|||22.03|0.00|3.97|||||||0.00||26.00|PEN|1.000||||||||1|
20210100|2021010001|M00017|08/01/2021||12|2291115040600071|0056556||1|11111111|||63.56|0.00|11.44|||||||0.00||75.00|PEN|1.000||||||||1|
20210100|2021010001|M00018|09/01/2021||12|2291115040600071|0056557||1|11111111|||16.10|0.00|2.90|||||||0.00||19.00|PEN|1.000||||||||1|
20210100|2021010001|M00019|09/01/2021||12|2291115040600071|0056558||1|11111111|||50.42|0.00|9.08|||||||0.00||59.50|PEN|1.000||||||||1|
20210100|2021010001|M00020|09/01/2021||12|2291115040600071|0056559||1|11111111|||38.98|0.00|7.02|||||||0.00||46.00|PEN|1.000||||||||1|
20210100|2021010001|M00021|09/01/2021||12|2291115040600071|0056560||1|11111111|||98.31|0.00|17.69|||||||0.00||116.00|PEN|1.000||||||||1|
20210100|2021010001|M00022|09/01/2021||12|2291115040600071|0056561||1|11111111|||52.97|0.00|9.53|||||||0.00||62.50|PEN|1.000||||||||1|
20210100|2021010001|M00023|09/01/2021||12|2291115040600071|0056562||1|11111111|||68.64|0.00|12.36|||||||0.00||81.00|PEN|1.000||||||||1|
20210100|2021010001|M00024|09/01/2021||12|2291115040600071|0056563||1|11111111|||30.93|0.00|5.57|||||||0.00||36.50|PEN|1.000||||||||1|
20210100|2021010001|M00025|09/01/2021||12|2291115040600071|0056564||1|11111111|||46.61|0.00|8.39|||||||0.00||55.00|PEN|1.000||||||||1|
20210100|2021010001|M00026|09/01/2021||12|2291115040600071|0056565||1|11111111|||16.10|0.00|2.90|||||||0.00||19.00|PEN|1.000||||||||1|
20210100|2021010001|M00027|09/01/2021||12|2291115040600071|0056566||1|11111111|||15.25|0.00|2.75|||||||0.00||18.00|PEN|1.000||||||||1|
20210100|2021010001|M00028|09/01/2021||12|2291115040600071|0056567||1|11111111|||51.27|0.00|9.23|||||||0.00||60.50|PEN|1.000||||||||1|
20210100|2021010001|M00029|09/01/2021||12|2291115040600071|0056568||1|11111111|||46.61|0.00|8.39|||||||0.00||55.00|PEN|1.000||||||||1|
20210100|2021010001|M00030|09/01/2021||12|2291115040600071|0056569||1|11111111|||43.22|0.00|7.78|||||||0.00||51.00|PEN|1.000||||||||1|
20210100|2021010001|M00031|09/01/2021||12|2291115040600071|0056570||1|11111111|||36.02|0.00|6.48|||||||0.00||42.50|PEN|1.000||||||||1|
20210100|2021010001|M00032|09/01/2021||12|2291115040600071|0056571||1|11111111|||54.24|0.00|9.76|||||||0.00||64.00|PEN|1.000||||||||1|
20210100|2021010001|M00033|09/01/2021||12|2291115040600071|0056572||1|11111111|||22.03|0.00|3.97|||||||0.00||26.00|PEN|1.000||||||||1|
20210100|2021010001|M00034|09/01/2021||12|2291115040600071|0056573||1|11111111|||44.92|0.00|8.08|||||||0.00||53.00|PEN|1.000||||||||1|
20210100|2021010001|M00035|09/01/2021||12|2291115040600071|0056574||1|11111111|||77.12|0.00|13.88|||||||0.00||91.00|PEN|1.000||||||||1|
20210100|2021010001|M00036|09/01/2021||12|2291115040600071|0056575||1|11111111|||15.25|0.00|2.75|||||||0.00||18.00|PEN|1.000||||||||1|
20210100|2021010001|M00037|09/01/2021||12|2291115040600071|0056576||1|11111111|||33.90|0.00|6.10|||||||0.00||40.00|PEN|1.000||||||||1|
20210100|2021010001|M00038|09/01/2021||12|2291115040600071|0056577||1|11111111|||53.39|0.00|9.61|||||||0.00||63.00|PEN|1.000||||||||1|
20210100|2021010001|M00039|10/01/2021||12|2291115040600071|0056578||1|11111111|||10.17|0.00|1.83|||||||0.00||12.00|PEN|1.000||||||||1|
20210100|2021010001|M00040|10/01/2021||12|2291115040600071|0056579||1|11111111|||68.64|0.00|12.36|||||||0.00||81.00|PEN|1.000||||||||1|
20210100|2021010001|M00041|10/01/2021||12|2291115040600071|0056580||1|11111111|||30.51|0.00|5.49|||||||0.00||36.00|PEN|1.000||||||||1|
20210100|2021010001|M00042|10/01/2021||12|2291115040600071|0056581||1|11111111|||38.14|0.00|6.86|||||||0.00||45.00|PEN|1.000||||||||1|
20210100|2021010001|M00043|10/01/2021||12|2291115040600071|0056582||1|11111111|||22.88|0.00|4.12|||||||0.00||27.00|PEN|1.000||||||||1|
20210100|2021010001|M00044|10/01/2021||12|2291115040600071|0056583||1|11111111|||22.88|0.00|4.12|||||||0.00||27.00|PEN|1.000||||||||1|
20210100|2021010001|M00045|10/01/2021||12|2291115040600071|0056584||1|11111111|||22.88|0.00|4.12|||||||0.00||27.00|PEN|1.000||||||||1|
20210100|2021010001|M00046|10/01/2021||12|2291115040600071|0056585||1|11111111|||91.53|0.00|16.47|||||||0.00||108.00|PEN|1.000||||||||1|
20210100|2021010001|M00047|10/01/2021||12|2291115040600071|0056586||1|11111111|||45.76|0.00|8.24|||||||0.00||54.00|PEN|1.000||||||||1|
20210100|2021010001|M00048|10/01/2021||12|2291115040600071|0056587||1|11111111|||33.05|0.00|5.95|||||||0.00||39.00|PEN|1.000||||||||1|
20210100|2021010001|M00049|10/01/2021||12|2291115040600071|0056588||1|11111111|||45.76|0.00|8.24|||||||0.00||54.00|PEN|1.000||||||||1|
20210100|2021010001|M00050|10/01/2021||12|2291115040600071|0056589||1|11111111|||53.39|0.00|9.61|||||||0.00||63.00|PEN|1.000||||||||1|
20210100|2021010001|M00051|10/01/2021||12|2291115040600071|0056590||1|11111111|||68.64|0.00|12.36|||||||0.00||81.00|PEN|1.000||||||||1|
20210100|2021010001|M00052|10/01/2021||12|2291115040600071|0056591||1|11111111|||91.53|0.00|16.47|||||||0.00||108.00|PEN|1.000||||||||1|
20210100|2021010001|M00053|10/01/2021||12|2291115040600071|0056592||1|11111111|||49.15|0.00|8.85|||||||0.00||58.00|PEN|1.000||||||||1|
20210100|2021010001|M00054|10/01/2021||12|2291115040600071|0056593||1|11111111|||79.24|0.00|14.26|||||||0.00||93.50|PEN|1.000||||||||1|
20210100|2021010001|M00055|10/01/2021||12|2291115040600071|0056594||1|11111111|||22.88|0.00|4.12|||||||0.00||27.00|PEN|1.000||||||||1|
20210100|2021010001|M00056|10/01/2021||12|2291115040600071|0056595||1|11111111|||85.59|0.00|15.41|||||||0.00||101.00|PEN|1.000||||||||1|
20210100|2021010001|M00057|10/01/2021||12|2291115040600071|0056596||1|11111111|||19.92|0.00|3.58|||||||0.00||23.50|PEN|1.000||||||||1|
20210100|2021010001|M00058|10/01/2021||12|2291115040600071|0056597||1|11111111|||71.61|0.00|12.89|||||||0.00||84.50|PEN|1.000||||||||1|
20210100|2021010001|M00059|10/01/2021||12|2291115040600071|0056598||1|11111111|||79.66|0.00|14.34|||||||0.00||94.00|PEN|1.000||||||||1|
20210100|2021010001|M00060|10/01/2021||12|2291115040600071|0056599||1|11111111|||22.88|0.00|4.12|||||||0.00||27.00|PEN|1.000||||||||1|
20210100|2021010001|M00061|10/01/2021||12|2291115040600071|0056600||1|11111111|||88.56|0.00|15.94|||||||0.00||104.50|PEN|1.000||||||||1|
20210100|2021010001|M00062|10/01/2021||12|2291115040600071|0056601||1|11111111|||33.05|0.00|5.95|||||||0.00||39.00|PEN|1.000||||||||1|
20210100|2021010001|M00063|10/01/2021||12|2291115040600071|0056602||1|11111111|||15.25|0.00|2.75|||||||0.00||18.00|PEN|1.000||||||||1|
20210100|2021010001|M00064|11/01/2021||12|2291115040600071|0056603||1|11111111|||40.25|0.00|7.25|||||||0.00||47.50|PEN|1.000||||||||1|
20210100|2021010001|M00065|11/01/2021||12|2291115040600071|0056604||1|11111111|||14.41|0.00|2.59|||||||0.00||17.00|PEN|1.000||||||||1|
20210100|2021010001|M00066|11/01/2021||12|2291115040600071|0056605||1|11111111|||43.22|0.00|7.78|||||||0.00||51.00|PEN|1.000||||||||1|
20210100|2021010001|M00067|11/01/2021||12|2291115040600071|0056606||1|11111111|||22.46|0.00|4.04|||||||0.00||26.50|PEN|1.000||||||||1|
20210100|2021010001|M00068|11/01/2021||12|2291115040600071|0056607||1|11111111|||205.93|0.00|37.07|||||||0.00||243.00|PEN|1.000||||||||1|
20210100|2021010001|M00069|11/01/2021||12|2291115040600071|0056608||1|11111111|||14.41|0.00|2.59|||||||0.00||17.00|PEN|1.000||||||||1|
20210100|2021010001|M00070|11/01/2021||12|2291115040600071|0056609||1|11111111|||41.95|0.00|7.55|||||||0.00||49.50|PEN|1.000||||||||1|
20210100|2021010001|M00071|11/01/2021||12|2291115040600071|0056610||1|11111111|||14.41|0.00|2.59|||||||0.00||17.00|PEN|1.000||||||||1|
20210100|2021010001|M00072|11/01/2021||12|2291115040600071|0056611||1|11111111|||15.25|0.00|2.75|||||||0.00||18.00|PEN|1.000||||||||1|
20210100|2021010001|M00073|11/01/2021||12|2291115040600071|0056612||1|11111111|||15.25|0.00|2.75|||||||0.00||18.00|PEN|1.000||||||||1|
20210100|2021010001|M00074|11/01/2021||12|2291115040600071|0056613||1|11111111|||56.78|0.00|10.22|||||||0.00||67.00|PEN|1.000||||||||1|
20210100|2021010001|M00075|11/01/2021||12|2291115040600071|0056614||1|11111111|||91.95|0.00|16.55|||||||0.00||108.50|PEN|1.000||||||||1|
20210100|2021010001|M00076|11/01/2021||12|2291115040600071|0056615||1|11111111|||14.41|0.00|2.59|||||||0.00||17.00|PEN|1.000||||||||1|
20210100|2021010001|M00077|11/01/2021||12|2291115040600071|0056616||1|11111111|||8.47|0.00|1.53|||||||0.00||10.00|PEN|1.000||||||||1|
20210100|2021010001|M00078|11/01/2021||12|2291115040600071|0056617||1|11111111|||5.08|0.00|0.92|||||||0.00||6.00|PEN|1.000||||||||1|
20210100|2021010001|M00079|12/01/2021||12|2291115040600071|0056618||1|11111111|||30.51|0.00|5.49|||||||0.00||36.00|PEN|1.000||||||||1|
20210100|2021010001|M00080|12/01/2021||12|2291115040600071|0056619||1|11111111|||30.51|0.00|5.49|||||||0.00||36.00|PEN|1.000||||||||1|
20210100|2021010001|M00081|12/01/2021||12|2291115040600071|0056620||1|11111111|||36.86|0.00|6.64|||||||0.00||43.50|PEN|1.000||||||||1|
20210100|2021010001|M00082|12/01/2021||12|2291115040600071|0056621||1|11111111|||22.88|0.00|4.12|||||||0.00||27.00|PEN|1.000||||||||1|
20210100|2021010001|M00083|12/01/2021||12|2291115040600071|0056622||1|11111111|||36.02|0.00|6.48|||||||0.00||42.50|PEN|1.000||||||||1|
20210100|2021010001|M00084|12/01/2021||12|2291115040600071|0056623||1|11111111|||27.54|0.00|4.96|||||||0.00||32.50|PEN|1.000||||||||1|
20210100|2021010001|M00085|12/01/2021||12|2291115040600071|0056624||1|11111111|||46.61|0.00|8.39|||||||0.00||55.00|PEN|1.000||||||||1|
20210100|2021010001|M00086|12/01/2021||12|2291115040600071|0056625||1|11111111|||22.88|0.00|4.12|||||||0.00||27.00|PEN|1.000||||||||1|
20210100|2021010001|M00087|12/01/2021||12|2291115040600071|0056626||1|11111111|||88.98|0.00|16.02|||||||0.00||105.00|PEN|1.000||||||||1|
20210100|2021010001|M00088|12/01/2021||12|2291115040600071|0056627||1|11111111|||22.88|0.00|4.12|||||||0.00||27.00|PEN|1.000||||||||1|
20210100|2021010001|M00089|12/01/2021||12|2291115040600071|0056628||1|11111111|||58.47|0.00|10.53|||||||0.00||69.00|PEN|1.000||||||||1|
20210100|2021010001|M00090|12/01/2021||12|2291115040600071|0056629||1|11111111|||38.56|0.00|6.94|||||||0.00||45.50|PEN|1.000||||||||1|
20210100|2021010001|M00091|12/01/2021||12|2291115040600071|0056630||1|11111111|||102.54|0.00|18.46|||||||0.00||121.00|PEN|1.000||||||||1|
20210100|2021010001|M00092|12/01/2021||12|2291115040600071|0056631||1|11111111|||35.00|0.00|6.30|||||||0.00||41.30|PEN|1.000||||||||1|
20210100|2021010001|M00093|12/01/2021||12|2291115040600071|0056632||1|11111111|||38.14|0.00|6.86|||||||0.00||45.00|PEN|1.000||||||||1|
20210100|2021010001|M00094|12/01/2021||12|2291115040600071|0056633||1|11111111|||22.88|0.00|4.12|||||||0.00||27.00|PEN|1.000||||||||1|
20210100|2021010001|M00095|12/01/2021||12|2291115040600071|0056634||1|11111111|||83.47|0.00|15.03|||||||0.00||98.50|PEN|1.000||||||||1|
20210100|2021010001|M00096|12/01/2021||12|2291115040600071|0056635||1|11111111|||52.12|0.00|9.38|||||||0.00||61.50|PEN|1.000||||||||1|
20210100|2021010001|M00097|12/01/2021||12|2291115040600071|0056636||1|11111111|||36.86|0.00|6.64|||||||0.00||43.50|PEN|1.000||||||||1|
20210100|2021010001|M00098|12/01/2021||12|2291115040600071|0056637||1|11111111|||33.90|0.00|6.10|||||||0.00||40.00|PEN|1.000||||||||1|
20210100|2021010001|M00099|12/01/2021||12|2291115040600071|0056638||1|11111111|||28.81|0.00|5.19|||||||0.00||34.00|PEN|1.000||||||||1|
20210100|2021010001|M00100|12/01/2021||12|2291115040600071|0056639||1|11111111|||25.00|0.00|4.50|||||||0.00||29.50|PEN|1.000||||||||1|
20210100|2021010001|M00101|12/01/2021||12|2291115040600071|0056640||1|11111111|||94.07|0.00|16.93|||||||0.00||111.00|PEN|1.000||||||||1|
20210100|2021010001|M00102|13/01/2021||12|2291115040600071|0056641||1|11111111|||80.51|0.00|14.49|||||||0.00||95.00|PEN|1.000||||||||1|
20210100|2021010001|M00103|13/01/2021||12|2291115040600071|0056642||1|11111111|||55.93|0.00|10.07|||||||0.00||66.00|PEN|1.000||||||||1|
20210100|2021010001|M00104|13/01/2021||12|2291115040600071|0056643||1|11111111|||30.51|0.00|5.49|||||||0.00||36.00|PEN|1.000||||||||1|
20210100|2021010001|M00105|13/01/2021||12|2291115040600071|0056644||1|11111111|||60.17|0.00|10.83|||||||0.00||71.00|PEN|1.000||||||||1|
20210100|2021010001|M00106|13/01/2021||12|2291115040600071|0056645||1|11111111|||15.25|0.00|2.75|||||||0.00||18.00|PEN|1.000||||||||1|
20210100|2021010001|M00107|13/01/2021||12|2291115040600071|0056646||1|11111111|||18.64|0.00|3.36|||||||0.00||22.00|PEN|1.000||||||||1|
20210100|2021010001|M00108|13/01/2021||12|2291115040600071|0056647||1|11111111|||41.53|0.00|7.47|||||||0.00||49.00|PEN|1.000||||||||1|
20210100|2021010001|M00109|13/01/2021||12|2291115040600071|0056648||1|11111111|||23.98|0.00|4.32|||||||0.00||28.30|PEN|1.000||||||||1|
20210100|2021010001|M00110|13/01/2021||12|2291115040600071|0056649||1|11111111|||67.80|0.00|12.20|||||||0.00||80.00|PEN|1.000||||||||1|
20210100|2021010001|M00111|13/01/2021||12|2291115040600071|0056650||1|11111111|||38.14|0.00|6.86|||||||0.00||45.00|PEN|1.000||||||||1|
20210100|2021010001|M00112|13/01/2021||12|2291115040600071|0056651||1|11111111|||49.58|0.00|8.92|||||||0.00||58.50|PEN|1.000||||||||1|
20210100|2021010001|M00113|13/01/2021||12|2291115040600071|0056652||1|11111111|||14.41|0.00|2.59|||||||0.00||17.00|PEN|1.000||||||||1|
20210100|2021010001|M00114|14/01/2021||12|2291115040600071|0056653||1|11111111|||22.88|0.00|4.12|||||||0.00||27.00|PEN|1.000||||||||1|
20210100|2021010001|M00115|14/01/2021||12|2291115040600071|0056654||1|11111111|||19.49|0.00|3.51|||||||0.00||23.00|PEN|1.000||||||||1|
20210100|2021010001|M00116|14/01/2021||12|2291115040600071|0056655||1|11111111|||57.20|0.00|10.30|||||||0.00||67.50|PEN|1.000||||||||1|
20210100|2021010001|M00117|14/01/2021||12|2291115040600071|0056656||1|11111111|||52.12|0.00|9.38|||||||0.00||61.50|PEN|1.000||||||||1|
20210100|2021010001|M00118|14/01/2021||12|2291115040600071|0056657||1|11111111|||60.42|0.00|10.88|||||||0.00||71.30|PEN|1.000||||||||1|
20210100|2021010001|M00119|14/01/2021||12|2291115040600071|0056658||1|11111111|||19.49|0.00|3.51|||||||0.00||23.00|PEN|1.000||||||||1|
20210100|2021010001|M00120|14/01/2021||12|2291115040600071|0056659||1|11111111|||28.81|0.00|5.19|||||||0.00||34.00|PEN|1.000||||||||1|
20210100|2021010001|M00121|14/01/2021||12|2291115040600071|0056660||1|11111111|||31.36|0.00|5.64|||||||0.00||37.00|PEN|1.000||||||||1|
20210100|2021010001|M00122|14/01/2021||12|2291115040600071|0056661||1|11111111|||56.78|0.00|10.22|||||||0.00||67.00|PEN|1.000||||||||1|
20210100|2021010001|M00123|14/01/2021||12|2291115040600071|0056662||1|11111111|||19.92|0.00|3.58|||||||0.00||23.50|PEN|1.000||||||||1|
20210100|2021010001|M00124|14/01/2021||12|2291115040600071|0056663||1|11111111|||51.69|0.00|9.31|||||||0.00||61.00|PEN|1.000||||||||1|
20210100|2021010001|M00125|14/01/2021||12|2291115040600071|0056664||1|11111111|||31.36|0.00|5.64|||||||0.00||37.00|PEN|1.000||||||||1|
20210100|2021010001|M00126|14/01/2021||12|2291115040600071|0056665||1|11111111|||52.54|0.00|9.46|||||||0.00||62.00|PEN|1.000||||||||1|
20210100|2021010001|M00127|14/01/2021||12|2291115040600071|0056666||1|11111111|||36.44|0.00|6.56|||||||0.00||43.00|PEN|1.000||||||||1|
20210100|2021010001|M00128|14/01/2021||12|2291115040600071|0056667||1|11111111|||22.88|0.00|4.12|||||||0.00||27.00|PEN|1.000||||||||1|
20210100|2021010001|M00129|14/01/2021||12|2291115040600071|0056668||1|11111111|||14.41|0.00|2.59|||||||0.00||17.00|PEN|1.000||||||||1|
20210100|2021010001|M00130|15/01/2021||12|2291115040600071|0056669||1|11111111|||22.88|0.00|4.12|||||||0.00||27.00|PEN|1.000||||||||1|
20210100|2021010001|M00131|15/01/2021||12|2291115040600071|0056670||1|11111111|||57.97|0.00|10.43|||||||0.00||68.40|PEN|1.000||||||||1|
20210100|2021010001|M00132|15/01/2021||12|2291115040600071|0056671||1|11111111|||19.92|0.00|3.58|||||||0.00||23.50|PEN|1.000||||||||1|
20210100|2021010001|M00133|15/01/2021||12|2291115040600071|0056672||1|11111111|||18.64|0.00|3.36|||||||0.00||22.00|PEN|1.000||||||||1|
20210100|2021010001|M00134|15/01/2021||12|2291115040600071|0056673||1|11111111|||36.86|0.00|6.64|||||||0.00||43.50|PEN|1.000||||||||1|
20210100|2021010001|M00135|15/01/2021||12|2291115040600071|0056674||1|11111111|||25.00|0.00|4.50|||||||0.00||29.50|PEN|1.000||||||||1|
20210100|2021010001|M00136|15/01/2021||12|2291115040600071|0056675||1|11111111|||29.66|0.00|5.34|||||||0.00||35.00|PEN|1.000||||||||1|
20210100|2021010001|M00137|15/01/2021||12|2291115040600071|0056676||1|11111111|||33.90|0.00|6.10|||||||0.00||40.00|PEN|1.000||||||||1|
20210100|2021010001|M00138|15/01/2021||12|2291115040600071|0056677||1|11111111|||71.61|0.00|12.89|||||||0.00||84.50|PEN|1.000||||||||1|
20210100|2021010001|M00139|15/01/2021||12|2291115040600071|0056678||1|11111111|||115.25|0.00|20.75|||||||0.00||136.00|PEN|1.000||||||||1|
20210100|2021010001|M00140|15/01/2021||12|2291115040600071|0056679||1|11111111|||49.15|0.00|8.85|||||||0.00||58.00|PEN|1.000||||||||1|
20210100|2021010001|M00141|15/01/2021||12|2291115040600071|0056680||1|11111111|||19.07|0.00|3.43|||||||0.00||22.50|PEN|1.000||||||||1|
20210100|2021010001|M00142|15/01/2021||12|2291115040600071|0056681||1|11111111|||14.41|0.00|2.59|||||||0.00||17.00|PEN|1.000||||||||1|
20210100|2021010001|M00143|15/01/2021||12|2291115040600071|0056682||1|11111111|||10.17|0.00|1.83|||||||0.00||12.00|PEN|1.000||||||||1|
20210100|2021010001|M00144|15/01/2021||12|2291115040600071|0056683||1|11111111|||9.75|0.00|1.75|||||||0.00||11.50|PEN|1.000||||||||1|
20210100|2021010001|M00145|15/01/2021||12|2291115040600071|0056684||1|11111111|||33.05|0.00|5.95|||||||0.00||39.00|PEN|1.000||||||||1|
20210100|2021010001|M00146|15/01/2021||12|2291115040600071|0056685||1|11111111|||47.46|0.00|8.54|||||||0.00||56.00|PEN|1.000||||||||1|
20210100|2021010001|M00147|15/01/2021||12|2291115040600071|0056686||1|11111111|||10.17|0.00|1.83|||||||0.00||12.00|PEN|1.000||||||||1|
20210100|2021010001|M00148|15/01/2021||12|2291115040600071|0056687||1|11111111|||91.53|0.00|16.47|||||||0.00||108.00|PEN|1.000||||||||1|
20210100|2021010001|M00149|15/01/2021||12|2291115040600071|0056688||1|11111111|||54.24|0.00|9.76|||||||0.00||64.00|PEN|1.000||||||||1|
20210100|2021010001|M00150|15/01/2021||12|2291115040600071|0056689||1|11111111|||76.27|0.00|13.73|||||||0.00||90.00|PEN|1.000||||||||1|
20210100|2021010001|M00151|15/01/2021||12|2291115040600071|0056690||1|11111111|||22.46|0.00|4.04|||||||0.00||26.50|PEN|1.000||||||||1|
20210100|2021010001|M00152|16/01/2021||12|2291115040600071|0056691||1|11111111|||27.12|0.00|4.88|||||||0.00||32.00|PEN|1.000||||||||1|
20210100|2021010001|M00153|16/01/2021||12|2291115040600071|0056692||1|11111111|||28.81|0.00|5.19|||||||0.00||34.00|PEN|1.000||||||||1|
20210100|2021010001|M00154|16/01/2021||12|2291115040600071|0056693||1|11111111|||26.69|0.00|4.81|||||||0.00||31.50|PEN|1.000||||||||1|
20210100|2021010001|M00155|16/01/2021||12|2291115040600071|0056694||1|11111111|||45.76|0.00|8.24|||||||0.00||54.00|PEN|1.000||||||||1|
20210100|2021010001|M00156|16/01/2021||12|2291115040600071|0056695||1|11111111|||30.51|0.00|5.49|||||||0.00||36.00|PEN|1.000||||||||1|
20210100|2021010001|M00157|16/01/2021||12|2291115040600071|0056696||1|11111111|||28.81|0.00|5.19|||||||0.00||34.00|PEN|1.000||||||||1|
20210100|2021010001|M00158|16/01/2021||12|2291115040600071|0056697||1|11111111|||18.64|0.00|3.36|||||||0.00||22.00|PEN|1.000||||||||1|
20210100|2021010001|M00159|16/01/2021||12|2291115040600071|0056698||1|11111111|||30.51|0.00|5.49|||||||0.00||36.00|PEN|1.000||||||||1|
20210100|2021010001|M00160|16/01/2021||12|2291115040600071|0056699||1|11111111|||20.34|0.00|3.66|||||||0.00||24.00|PEN|1.000||||||||1|
20210100|2021010001|M00161|16/01/2021||12|2291115040600071|0056700||1|11111111|||9.32|0.00|1.68|||||||0.00||11.00|PEN|1.000||||||||1|
20210100|2021010001|M00162|16/01/2021||12|2291115040600071|0056701||1|11111111|||24.15|0.00|4.35|||||||0.00||28.50|PEN|1.000||||||||1|
20210100|2021010001|M00163|16/01/2021||12|2291115040600071|0056702||1|11111111|||32.63|0.00|5.87|||||||0.00||38.50|PEN|1.000||||||||1|
20210100|2021010001|M00164|16/01/2021||12|2291115040600071|0056703||1|11111111|||14.83|0.00|2.67|||||||0.00||17.50|PEN|1.000||||||||1|
20210100|2021010001|M00165|16/01/2021||12|2291115040600071|0056704||1|11111111|||26.27|0.00|4.73|||||||0.00||31.00|PEN|1.000||||||||1|
20210100|2021010001|M00166|16/01/2021||12|2291115040600071|0056705||1|11111111|||19.49|0.00|3.51|||||||0.00||23.00|PEN|1.000||||||||1|
20210100|2021010001|M00167|16/01/2021||12|2291115040600071|0056706||1|11111111|||19.49|0.00|3.51|||||||0.00||23.00|PEN|1.000||||||||1|
20210100|2021010001|M00168|16/01/2021||12|2291115040600071|0056707||1|11111111|||42.37|0.00|7.63|||||||0.00||50.00|PEN|1.000||||||||1|
20210100|2021010001|M00169|16/01/2021||12|2291115040600071|0056708||1|11111111|||38.98|0.00|7.02|||||||0.00||46.00|PEN|1.000||||||||1|
20210100|2021010001|M00170|16/01/2021||12|2291115040600071|0056709||1|11111111|||38.14|0.00|6.86|||||||0.00||45.00|PEN|1.000||||||||1|
20210100|2021010001|M00171|16/01/2021||12|2291115040600071|0056710||1|11111111|||57.63|0.00|10.37|||||||0.00||68.00|PEN|1.000||||||||1|
20210100|2021010001|M00172|16/01/2021||12|2291115040600071|0056711||1|11111111|||51.69|0.00|9.31|||||||0.00||61.00|PEN|1.000||||||||1|
20210100|2021010001|M00173|16/01/2021||12|2291115040600071|0056712||1|11111111|||34.75|0.00|6.25|||||||0.00||41.00|PEN|1.000||||||||1|
20210100|2021010001|M00174|16/01/2021||12|2291115040600071|0056713||1|11111111|||79.66|0.00|14.34|||||||0.00||94.00|PEN|1.000||||||||1|
20210100|2021010001|M00175|17/01/2021||12|2291115040600071|0056714||1|11111111|||22.88|0.00|4.12|||||||0.00||27.00|PEN|1.000||||||||1|
20210100|2021010001|M00176|17/01/2021||12|2291115040600071|0056715||1|11111111|||56.78|0.00|10.22|||||||0.00||67.00|PEN|1.000||||||||1|
20210100|2021010001|M00177|17/01/2021||12|2291115040600071|0056716||1|11111111|||62.71|0.00|11.29|||||||0.00||74.00|PEN|1.000||||||||1|
20210100|2021010001|M00178|17/01/2021||12|2291115040600071|0056717||1|11111111|||38.14|0.00|6.86|||||||0.00||45.00|PEN|1.000||||||||1|
20210100|2021010001|M00179|17/01/2021||12|2291115040600071|0056718||1|11111111|||22.88|0.00|4.12|||||||0.00||27.00|PEN|1.000||||||||1|
20210100|2021010001|M00180|17/01/2021||12|2291115040600071|0056719||1|11111111|||16.53|0.00|2.97|||||||0.00||19.50|PEN|1.000||||||||1|
20210100|2021010001|M00181|17/01/2021||12|2291115040600071|0056720||1|11111111|||109.32|0.00|19.68|||||||0.00||129.00|PEN|1.000||||||||1|
20210100|2021010001|M00182|17/01/2021||12|2291115040600071|0056721||1|11111111|||50.85|0.00|9.15|||||||0.00||60.00|PEN|1.000||||||||1|
20210100|2021010001|M00183|17/01/2021||12|2291115040600071|0056722||1|11111111|||23.73|0.00|4.27|||||||0.00||28.00|PEN|1.000||||||||1|
20210100|2021010001|M00184|17/01/2021||12|2291115040600071|0056723||1|11111111|||20.34|0.00|3.66|||||||0.00||24.00|PEN|1.000||||||||1|
20210100|2021010001|M00185|17/01/2021||12|2291115040600071|0056724||1|11111111|||61.02|0.00|10.98|||||||0.00||72.00|PEN|1.000||||||||1|
20210100|2021010001|M00186|17/01/2021||12|2291115040600071|0056725||1|11111111|||35.59|0.00|6.41|||||||0.00||42.00|PEN|1.000||||||||1|
20210100|2021010001|M00187|17/01/2021||12|2291115040600071|0056726||1|11111111|||37.20|0.00|6.70|||||||0.00||43.90|PEN|1.000||||||||1|
20210100|2021010001|M00188|17/01/2021||12|2291115040600071|0056727||1|11111111|||142.80|0.00|25.70|||||||0.00||168.50|PEN|1.000||||||||1|
20210100|2021010001|M00189|17/01/2021||12|2291115040600071|0056728||1|11111111|||16.95|0.00|3.05|||||||0.00||20.00|PEN|1.000||||||||1|
20210100|2021010001|M00190|17/01/2021||12|2291115040600071|0056729||1|11111111|||26.27|0.00|4.73|||||||0.00||31.00|PEN|1.000||||||||1|
20210100|2021010001|M00191|17/01/2021||12|2291115040600071|0056730||1|11111111|||22.03|0.00|3.97|||||||0.00||26.00|PEN|1.000||||||||1|
20210100|2021010001|M00192|17/01/2021||12|2291115040600071|0056731||1|11111111|||52.54|0.00|9.46|||||||0.00||62.00|PEN|1.000||||||||1|
20210100|2021010001|M00193|17/01/2021||12|2291115040600071|0056732||1|11111111|||27.97|0.00|5.03|||||||0.00||33.00|PEN|1.000||||||||1|
20210100|2021010001|M00194|17/01/2021||12|2291115040600071|0056733||1|11111111|||71.61|0.00|12.89|||||||0.00||84.50|PEN|1.000||||||||1|
20210100|2021010001|M00195|17/01/2021||12|2291115040600071|0056734||1|11111111|||42.80|0.00|7.70|||||||0.00||50.50|PEN|1.000||||||||1|
20210100|2021010001|M00196|17/01/2021||12|2291115040600071|0056735||1|11111111|||47.46|0.00|8.54|||||||0.00||56.00|PEN|1.000||||||||1|
20210100|2021010001|M00197|17/01/2021||12|2291115040600071|0056736||1|11111111|||51.27|0.00|9.23|||||||0.00||60.50|PEN|1.000||||||||1|
20210100|2021010001|M00198|18/01/2021||12|2291115040600071|0056737||1|11111111|||10.17|0.00|1.83|||||||0.00||12.00|PEN|1.000||||||||1|
20210100|2021010001|M00199|18/01/2021||12|2291115040600071|0056738||1|11111111|||23.73|0.00|4.27|||||||0.00||28.00|PEN|1.000||||||||1|
20210100|2021010001|M00200|18/01/2021||12|2291115040600071|0056739||1|11111111|||14.41|0.00|2.59|||||||0.00||17.00|PEN|1.000||||||||1|
20210100|2021010001|M00201|18/01/2021||12|2291115040600071|0056740||1|11111111|||15.25|0.00|2.75|||||||0.00||18.00|PEN|1.000||||||||1|
20210100|2021010001|M00202|18/01/2021||12|2291115040600071|0056741||1|11111111|||29.66|0.00|5.34|||||||0.00||35.00|PEN|1.000||||||||1|
20210100|2021010001|M00203|18/01/2021||12|2291115040600071|0056742||1|11111111|||20.34|0.00|3.66|||||||0.00||24.00|PEN|1.000||||||||1|
20210100|2021010001|M00204|18/01/2021||12|2291115040600071|0056743||1|11111111|||30.51|0.00|5.49|||||||0.00||36.00|PEN|1.000||||||||1|
20210100|2021010001|M00205|18/01/2021||12|2291115040600071|0056744||1|11111111|||43.22|0.00|7.78|||||||0.00||51.00|PEN|1.000||||||||1|
20210100|2021010001|M00206|18/01/2021||12|2291115040600071|0056745||1|11111111|||19.07|0.00|3.43|||||||0.00||22.50|PEN|1.000||||||||1|
20210100|2021010001|M00207|18/01/2021||12|2291115040600071|0056746||1|11111111|||15.25|0.00|2.75|||||||0.00||18.00|PEN|1.000||||||||1|
20210100|2021010001|M00208|18/01/2021||12|2291115040600071|0056747||1|11111111|||49.58|0.00|8.92|||||||0.00||58.50|PEN|1.000||||||||1|
20210100|2021010001|M00209|18/01/2021||12|2291115040600071|0056748||1|11111111|||0.00|0.00|0.00|||||||0.00||0.00|PEN|1.000||||||||2|
20210100|2021010001|M00210|18/01/2021||12|2291115040600071|0056749||1|11111111|||0.00|0.00|0.00|||||||0.00||0.00|PEN|1.000||||||||2|
20210100|2021010001|M00211|18/01/2021||12|2291115040600071|0056750||1|11111111|||0.00|0.00|0.00|||||||0.00||0.00|PEN|1.000||||||||2|
20210100|2021010001|M00212|18/01/2021||12|2291115040600071|0056751||1|11111111|||18.64|0.00|3.36|||||||0.00||22.00|PEN|1.000||||||||1|
20210100|2021010001|M00213|18/01/2021||12|2291115040600071|0056752||1|11111111|||14.41|0.00|2.59|||||||0.00||17.00|PEN|1.000||||||||1|
20210100|2021010001|M00214|18/01/2021||12|2291115040600071|0056753||1|11111111|||19.49|0.00|3.51|||||||0.00||23.00|PEN|1.000||||||||1|
20210100|2021010001|M00215|18/01/2021||12|2291115040600071|0056754||1|11111111|||91.95|0.00|16.55|||||||0.00||108.50|PEN|1.000||||||||1|
20210100|2021010001|M00216|18/01/2021||12|2291115040600071|0056755||1|11111111|||38.98|0.00|7.02|||||||0.00||46.00|PEN|1.000||||||||1|
20210100|2021010001|M00217|18/01/2021||12|2291115040600071|0056756||1|11111111|||39.41|0.00|7.09|||||||0.00||46.50|PEN|1.000||||||||1|
20210100|2021010001|M00218|18/01/2021||12|2291115040600071|0056757||1|11111111|||33.90|0.00|6.10|||||||0.00||40.00|PEN|1.000||||||||1|
20210100|2021010001|M00219|18/01/2021||12|2291115040600071|0056758||1|11111111|||15.25|0.00|2.75|||||||0.00||18.00|PEN|1.000||||||||1|
20210100|2021010001|M00220|18/01/2021||12|2291115040600071|0056759||1|11111111|||25.85|0.00|4.65|||||||0.00||30.50|PEN|1.000||||||||1|
20210100|2021010001|M00221|18/01/2021||12|2291115040600071|0056760||1|11111111|||15.25|0.00|2.75|||||||0.00||18.00|PEN|1.000||||||||1|
20210100|2021010001|M00222|18/01/2021||12|2291115040600071|0056761||1|11111111|||17.37|0.00|3.13|||||||0.00||20.50|PEN|1.000||||||||1|
20210100|2021010001|M00223|18/01/2021||12|2291115040600071|0056762||1|11111111|||28.81|0.00|5.19|||||||0.00||34.00|PEN|1.000||||||||1|
20210100|2021010001|M00224|18/01/2021||12|2291115040600071|0056763||1|11111111|||15.25|0.00|2.75|||||||0.00||18.00|PEN|1.000||||||||1|
20210100|2021010001|M00225|19/01/2021||12|2291115040600071|0056764||1|11111111|||91.53|0.00|16.47|||||||0.00||108.00|PEN|1.000||||||||1|
20210100|2021010001|M00226|19/01/2021||12|2291115040600071|0056765||1|11111111|||25.85|0.00|4.65|||||||0.00||30.50|PEN|1.000||||||||1|
20210100|2021010001|M00227|19/01/2021||12|2291115040600071|0056766||1|11111111|||17.37|0.00|3.13|||||||0.00||20.50|PEN|1.000||||||||1|
20210100|2021010001|M00228|19/01/2021||12|2291115040600071|0056767||1|11111111|||36.02|0.00|6.48|||||||0.00||42.50|PEN|1.000||||||||1|
20210100|2021010001|M00229|19/01/2021||12|2291115040600071|0056768||1|11111111|||15.25|0.00|2.75|||||||0.00||18.00|PEN|1.000||||||||1|
20210100|2021010001|M00230|19/01/2021||12|2291115040600071|0056769||1|11111111|||15.68|0.00|2.82|||||||0.00||18.50|PEN|1.000||||||||1|
20210100|2021010001|M00231|19/01/2021||12|2291115040600071|0056770||1|11111111|||27.12|0.00|4.88|||||||0.00||32.00|PEN|1.000||||||||1|
20210100|2021010001|M00232|19/01/2021||12|2291115040600071|0056771||1|11111111|||45.76|0.00|8.24|||||||0.00||54.00|PEN|1.000||||||||1|
20210100|2021010001|M00233|19/01/2021||12|2291115040600071|0056772||1|11111111|||10.17|0.00|1.83|||||||0.00||12.00|PEN|1.000||||||||1|
20210100|2021010001|M00234|19/01/2021||12|2291115040600071|0056773||1|11111111|||53.81|0.00|9.69|||||||0.00||63.50|PEN|1.000||||||||1|
20210100|2021010001|M00235|19/01/2021||12|2291115040600071|0056774||1|11111111|||19.49|0.00|3.51|||||||0.00||23.00|PEN|1.000||||||||1|
20210100|2021010001|M00236|19/01/2021||12|2291115040600071|0056775||1|11111111|||22.88|0.00|4.12|||||||0.00||27.00|PEN|1.000||||||||1|
20210100|2021010001|M00237|19/01/2021||12|2291115040600071|0056776||1|11111111|||14.83|0.00|2.67|||||||0.00||17.50|PEN|1.000||||||||1|
20210100|2021010001|M00238|19/01/2021||12|2291115040600071|0056777||1|11111111|||15.25|0.00|2.75|||||||0.00||18.00|PEN|1.000||||||||1|
20210100|2021010001|M00239|19/01/2021||12|2291115040600071|0056778||1|11111111|||22.46|0.00|4.04|||||||0.00||26.50|PEN|1.000||||||||1|
20210100|2021010001|M00240|19/01/2021||12|2291115040600071|0056779||1|11111111|||25.00|0.00|4.50|||||||0.00||29.50|PEN|1.000||||||||1|
20210100|2021010001|M00241|19/01/2021||12|2291115040600071|0056780||1|11111111|||22.88|0.00|4.12|||||||0.00||27.00|PEN|1.000||||||||1|
20210100|2021010001|M00242|19/01/2021||12|2291115040600071|0056781||1|11111111|||30.51|0.00|5.49|||||||0.00||36.00|PEN|1.000||||||||1|
20210100|2021010001|M00243|19/01/2021||12|2291115040600071|0056782||1|11111111|||27.80|0.00|5.00|||||||0.00||32.80|PEN|1.000||||||||1|
20210100|2021010001|M00244|20/01/2021||12|2291115040600071|0056783||1|11111111|||42.37|0.00|7.63|||||||0.00||50.00|PEN|1.000||||||||1|
20210100|2021010001|M00245|20/01/2021||12|2291115040600071|0056784||1|11111111|||15.25|0.00|2.75|||||||0.00||18.00|PEN|1.000||||||||1|
20210100|2021010001|M00246|20/01/2021||12|2291115040600071|0056785||1|11111111|||44.07|0.00|7.93|||||||0.00||52.00|PEN|1.000||||||||1|
20210100|2021010001|M00247|20/01/2021||12|2291115040600071|0056786||1|11111111|||56.78|0.00|10.22|||||||0.00||67.00|PEN|1.000||||||||1|
20210100|2021010001|M00248|20/01/2021||12|2291115040600071|0056787||1|11111111|||55.51|0.00|9.99|||||||0.00||65.50|PEN|1.000||||||||1|
20210100|2021010001|M00249|20/01/2021||12|2291115040600071|0056788||1|11111111|||19.49|0.00|3.51|||||||0.00||23.00|PEN|1.000||||||||1|
20210100|2021010001|M00250|20/01/2021||12|2291115040600071|0056789||1|11111111|||28.81|0.00|5.19|||||||0.00||34.00|PEN|1.000||||||||1|
20210100|2021010001|M00251|20/01/2021||12|2291115040600071|0056790||1|11111111|||19.49|0.00|3.51|||||||0.00||23.00|PEN|1.000||||||||1|
20210100|2021010001|M00252|20/01/2021||12|2291115040600071|0056791||1|11111111|||46.61|0.00|8.39|||||||0.00||55.00|PEN|1.000||||||||1|
20210100|2021010001|M00253|20/01/2021||12|2291115040600071|0056792||1|11111111|||32.20|0.00|5.80|||||||0.00||38.00|PEN|1.000||||||||1|
20210100|2021010001|M00254|20/01/2021||12|2291115040600071|0056793||1|11111111|||14.41|0.00|2.59|||||||0.00||17.00|PEN|1.000||||||||1|
20210100|2021010001|M00255|20/01/2021||12|2291115040600071|0056794||1|11111111|||19.07|0.00|3.43|||||||0.00||22.50|PEN|1.000||||||||1|
20210100|2021010001|M00256|20/01/2021||12|2291115040600071|0056795||1|11111111|||19.49|0.00|3.51|||||||0.00||23.00|PEN|1.000||||||||1|
20210100|2021010001|M00257|20/01/2021||12|2291115040600071|0056796||1|11111111|||11.02|0.00|1.98|||||||0.00||13.00|PEN|1.000||||||||1|
20210100|2021010001|M00258|20/01/2021||12|2291115040600071|0056797||1|11111111|||30.51|0.00|5.49|||||||0.00||36.00|PEN|1.000||||||||1|
20210100|2021010001|M00259|20/01/2021||12|2291115040600071|0056798||1|11111111|||22.88|0.00|4.12|||||||0.00||27.00|PEN|1.000||||||||1|
20210100|2021010001|M00260|20/01/2021||12|2291115040600071|0056799||1|11111111|||11.02|0.00|1.98|||||||0.00||13.00|PEN|1.000||||||||1|
20210100|2021010001|M00261|20/01/2021||12|2291115040600071|0056800||1|11111111|||41.53|0.00|7.47|||||||0.00||49.00|PEN|1.000||||||||1|
20210100|2021010001|M00262|20/01/2021||12|2291115040600071|0056801||1|11111111|||13.14|0.00|2.36|||||||0.00||15.50|PEN|1.000||||||||1|
20210100|2021010001|M00263|20/01/2021||12|2291115040600071|0056802||1|11111111|||23.73|0.00|4.27|||||||0.00||28.00|PEN|1.000||||||||1|
20210100|2021010001|M00264|20/01/2021||12|2291115040600071|0056803||1|11111111|||18.64|0.00|3.36|||||||0.00||22.00|PEN|1.000||||||||1|
20210100|2021010001|M00265|20/01/2021||12|2291115040600071|0056804||1|11111111|||48.31|0.00|8.69|||||||0.00||57.00|PEN|1.000||||||||1|
20210100|2021010001|M00266|20/01/2021||12|2291115040600071|0056805||1|11111111|||17.80|0.00|3.20|||||||0.00||21.00|PEN|1.000||||||||1|
20210100|2021010001|M00267|20/01/2021||12|2291115040600071|0056806||1|11111111|||19.07|0.00|3.43|||||||0.00||22.50|PEN|1.000||||||||1|
20210100|2021010001|M00268|21/01/2021||12|2291115040600071|0056807||1|11111111|||14.66|0.00|2.64|||||||0.00||17.30|PEN|1.000||||||||1|
20210100|2021010001|M00269|21/01/2021||12|2291115040600071|0056808||1|11111111|||45.76|0.00|8.24|||||||0.00||54.00|PEN|1.000||||||||1|
20210100|2021010001|M00270|21/01/2021||12|2291115040600071|0056809||1|11111111|||43.64|0.00|7.86|||||||0.00||51.50|PEN|1.000||||||||1|
20210100|2021010001|M00271|21/01/2021||12|2291115040600071|0056810||1|11111111|||29.49|0.00|5.31|||||||0.00||34.80|PEN|1.000||||||||1|
20210100|2021010001|M00272|21/01/2021||12|2291115040600071|0056811||1|11111111|||58.90|0.00|10.60|||||||0.00||69.50|PEN|1.000||||||||1|
20210100|2021010001|M00273|21/01/2021||12|2291115040600071|0056812||1|11111111|||34.75|0.00|6.25|||||||0.00||41.00|PEN|1.000||||||||1|
20210100|2021010001|M00274|21/01/2021||12|2291115040600071|0056813||1|11111111|||59.32|0.00|10.68|||||||0.00||70.00|PEN|1.000||||||||1|
20210100|2021010001|M00275|21/01/2021||12|2291115040600071|0056814||1|11111111|||19.49|0.00|3.51|||||||0.00||23.00|PEN|1.000||||||||1|
20210100|2021010001|M00276|21/01/2021||12|2291115040600071|0056815||1|11111111|||22.88|0.00|4.12|||||||0.00||27.00|PEN|1.000||||||||1|
20210100|2021010001|M00277|21/01/2021||12|2291115040600071|0056816||1|11111111|||54.66|0.00|9.84|||||||0.00||64.50|PEN|1.000||||||||1|
20210100|2021010001|M00278|21/01/2021||12|2291115040600071|0056817||1|11111111|||45.76|0.00|8.24|||||||0.00||54.00|PEN|1.000||||||||1|
20210100|2021010001|M00279|21/01/2021||12|2291115040600071|0056818||1|11111111|||35.59|0.00|6.41|||||||0.00||42.00|PEN|1.000||||||||1|
20210100|2021010001|M00280|21/01/2021||12|2291115040600071|0056819||1|11111111|||33.90|0.00|6.10|||||||0.00||40.00|PEN|1.000||||||||1|
20210100|2021010001|M00281|21/01/2021||12|2291115040600071|0056820||1|11111111|||46.61|0.00|8.39|||||||0.00||55.00|PEN|1.000||||||||1|
20210100|2021010001|M00282|21/01/2021||12|2291115040600071|0056821||1|11111111|||54.66|0.00|9.84|||||||0.00||64.50|PEN|1.000||||||||1|
20210100|2021010001|M00283|21/01/2021||12|2291115040600071|0056822||1|11111111|||27.54|0.00|4.96|||||||0.00||32.50|PEN|1.000||||||||1|
20210100|2021010001|M00284|21/01/2021||12|2291115040600071|0056823||1|11111111|||19.32|0.00|3.48|||||||0.00||22.80|PEN|1.000||||||||1|
20210100|2021010001|M00285|21/01/2021||12|2291115040600071|0056824||1|11111111|||14.41|0.00|2.59|||||||0.00||17.00|PEN|1.000||||||||1|
20210100|2021010001|M00286|21/01/2021||12|2291115040600071|0056825||1|11111111|||129.66|0.00|23.34|||||||0.00||153.00|PEN|1.000||||||||1|
20210100|2021010001|M00287|21/01/2021||12|2291115040600071|0056826||1|11111111|||30.08|0.00|5.42|||||||0.00||35.50|PEN|1.000||||||||1|
20210100|2021010001|M00288|21/01/2021||12|2291115040600071|0056827||1|11111111|||28.39|0.00|5.11|||||||0.00||33.50|PEN|1.000||||||||1|
20210100|2021010001|M00289|21/01/2021||12|2291115040600071|0056828||1|11111111|||32.63|0.00|5.87|||||||0.00||38.50|PEN|1.000||||||||1|
20210100|2021010001|M00290|21/01/2021||12|2291115040600071|0056829||1|11111111|||49.15|0.00|8.85|||||||0.00||58.00|PEN|1.000||||||||1|
20210100|2021010001|M00291|22/01/2021||12|2291115040600071|0056830||1|11111111|||20.34|0.00|3.66|||||||0.00||24.00|PEN|1.000||||||||1|
20210100|2021010001|M00292|22/01/2021||12|2291115040600071|0056831||1|11111111|||19.49|0.00|3.51|||||||0.00||23.00|PEN|1.000||||||||1|
20210100|2021010001|M00293|22/01/2021||12|2291115040600071|0056832||1|11111111|||68.64|0.00|12.36|||||||0.00||81.00|PEN|1.000||||||||1|
20210100|2021010001|M00294|22/01/2021||12|2291115040600071|0056833||1|11111111|||42.37|0.00|7.63|||||||0.00||50.00|PEN|1.000||||||||1|
20210100|2021010001|M00295|22/01/2021||12|2291115040600071|0056834||1|11111111|||27.12|0.00|4.88|||||||0.00||32.00|PEN|1.000||||||||1|
20210100|2021010001|M00296|22/01/2021||12|2291115040600071|0056835||1|11111111|||105.51|0.00|18.99|||||||0.00||124.50|PEN|1.000||||||||1|
20210100|2021010001|M00297|22/01/2021||12|2291115040600071|0056836||1|11111111|||37.29|0.00|6.71|||||||0.00||44.00|PEN|1.000||||||||1|
20210100|2021010001|M00298|22/01/2021||12|2291115040600071|0056837||1|11111111|||47.46|0.00|8.54|||||||0.00||56.00|PEN|1.000||||||||1|
20210100|2021010001|M00299|22/01/2021||12|2291115040600071|0056838||1|11111111|||135.17|0.00|24.33|||||||0.00||159.50|PEN|1.000||||||||1|
20210100|2021010001|M00300|22/01/2021||12|2291115040600071|0056839||1|11111111|||20.34|0.00|3.66|||||||0.00||24.00|PEN|1.000||||||||1|
20210100|2021010001|M00301|22/01/2021||12|2291115040600071|0056840||1|11111111|||42.37|0.00|7.63|||||||0.00||50.00|PEN|1.000||||||||1|
20210100|2021010001|M00302|22/01/2021||12|2291115040600071|0056841||1|11111111|||33.05|0.00|5.95|||||||0.00||39.00|PEN|1.000||||||||1|
20210100|2021010001|M00303|22/01/2021||12|2291115040600071|0056842||1|11111111|||68.05|0.00|12.25|||||||0.00||80.30|PEN|1.000||||||||1|
20210100|2021010001|M00304|22/01/2021||12|2291115040600071|0056843||1|11111111|||0.00|0.00|0.00|||||||0.00||0.00|PEN|1.000||||||||2|
20210100|2021010001|M00305|22/01/2021||12|2291115040600071|0056844||1|11111111|||53.81|0.00|9.69|||||||0.00||63.50|PEN|1.000||||||||1|
20210100|2021010001|M00306|22/01/2021||12|2291115040600071|0056845||1|11111111|||16.95|0.00|3.05|||||||0.00||20.00|PEN|1.000||||||||1|
20210100|2021010001|M00307|22/01/2021||12|2291115040600071|0056846||1|11111111|||38.14|0.00|6.86|||||||0.00||45.00|PEN|1.000||||||||1|
20210100|2021010001|M00308|22/01/2021||12|2291115040600071|0056847||1|11111111|||63.14|0.00|11.36|||||||0.00||74.50|PEN|1.000||||||||1|
20210100|2021010001|M00309|22/01/2021||12|2291115040600071|0056848||1|11111111|||66.10|0.00|11.90|||||||0.00||78.00|PEN|1.000||||||||1|
20210100|2021010001|M00310|22/01/2021||12|2291115040600071|0056849||1|11111111|||15.25|0.00|2.75|||||||0.00||18.00|PEN|1.000||||||||1|
20210100|2021010001|M00311|22/01/2021||12|2291115040600071|0056850||1|11111111|||41.95|0.00|7.55|||||||0.00||49.50|PEN|1.000||||||||1|
20210100|2021010001|M00312|22/01/2021||12|2291115040600071|0056851||1|11111111|||60.17|0.00|10.83|||||||0.00||71.00|PEN|1.000||||||||1|
20210100|2021010001|M00313|22/01/2021||12|2291115040600071|0056852||1|11111111|||21.61|0.00|3.89|||||||0.00||25.50|PEN|1.000||||||||1|
20210100|2021010001|M00314|22/01/2021||12|2291115040600071|0056853||1|11111111|||5.08|0.00|0.92|||||||0.00||6.00|PEN|1.000||||||||1|
20210100|2021010001|M00315|23/01/2021||12|2291115040600071|0056854||1|11111111|||25.00|0.00|4.50|||||||0.00||29.50|PEN|1.000||||||||1|
20210100|2021010001|M00316|23/01/2021||12|2291115040600071|0056855||1|11111111|||19.07|0.00|3.43|||||||0.00||22.50|PEN|1.000||||||||1|
20210100|2021010001|M00317|23/01/2021||12|2291115040600071|0056856||1|11111111|||44.07|0.00|7.93|||||||0.00||52.00|PEN|1.000||||||||1|
20210100|2021010001|M00318|23/01/2021||12|2291115040600071|0056857||1|11111111|||38.14|0.00|6.86|||||||0.00||45.00|PEN|1.000||||||||1|
20210100|2021010001|M00319|23/01/2021||12|2291115040600071|0056858||1|11111111|||68.64|0.00|12.36|||||||0.00||81.00|PEN|1.000||||||||1|
20210100|2021010001|M00320|23/01/2021||12|2291115040600071|0056859||1|11111111|||26.27|0.00|4.73|||||||0.00||31.00|PEN|1.000||||||||1|
20210100|2021010001|M00321|23/01/2021||12|2291115040600071|0056860||1|11111111|||68.64|0.00|12.36|||||||0.00||81.00|PEN|1.000||||||||1|
20210100|2021010001|M00322|23/01/2021||12|2291115040600071|0056861||1|11111111|||41.10|0.00|7.40|||||||0.00||48.50|PEN|1.000||||||||1|
20210100|2021010001|M00323|23/01/2021||12|2291115040600071|0056862||1|11111111|||45.76|0.00|8.24|||||||0.00||54.00|PEN|1.000||||||||1|
20210100|2021010001|M00324|23/01/2021||12|2291115040600071|0056863||1|11111111|||62.71|0.00|11.29|||||||0.00||74.00|PEN|1.000||||||||1|
20210100|2021010001|M00325|23/01/2021||12|2291115040600071|0056864||1|11111111|||56.78|0.00|10.22|||||||0.00||67.00|PEN|1.000||||||||1|
20210100|2021010001|M00326|23/01/2021||12|2291115040600071|0056865||1|11111111|||15.25|0.00|2.75|||||||0.00||18.00|PEN|1.000||||||||1|
20210100|2021010001|M00327|23/01/2021||12|2291115040600071|0056866||1|11111111|||114.41|0.00|20.59|||||||0.00||135.00|PEN|1.000||||||||1|
20210100|2021010001|M00328|23/01/2021||12|2291115040600071|0056867||1|11111111|||61.86|0.00|11.14|||||||0.00||73.00|PEN|1.000||||||||1|
20210100|2021010001|M00329|23/01/2021||12|2291115040600071|0056868||1|11111111|||52.54|0.00|9.46|||||||0.00||62.00|PEN|1.000||||||||1|
20210100|2021010001|M00330|23/01/2021||12|2291115040600071|0056869||1|11111111|||25.85|0.00|4.65|||||||0.00||30.50|PEN|1.000||||||||1|
20210100|2021010001|M00331|23/01/2021||12|2291115040600071|0056870||1|11111111|||37.71|0.00|6.79|||||||0.00||44.50|PEN|1.000||||||||1|
20210100|2021010001|M00332|23/01/2021||12|2291115040600071|0056871||1|11111111|||14.83|0.00|2.67|||||||0.00||17.50|PEN|1.000||||||||1|
20210100|2021010001|M00333|23/01/2021||12|2291115040600071|0056872||1|11111111|||13.56|0.00|2.44|||||||0.00||16.00|PEN|1.000||||||||1|
20210100|2021010001|M00334|23/01/2021||12|2291115040600071|0056873||1|11111111|||10.17|0.00|1.83|||||||0.00||12.00|PEN|1.000||||||||1|
20210100|2021010001|M00335|23/01/2021||12|2291115040600071|0056874||1|11111111|||50.00|0.00|9.00|||||||0.00||59.00|PEN|1.000||||||||1|
20210100|2021010001|M00336|23/01/2021||12|2291115040600071|0056875||1|11111111|||56.27|0.00|10.13|||||||0.00||66.40|PEN|1.000||||||||1|
20210100|2021010001|M00337|23/01/2021||12|2291115040600071|0056876||1|11111111|||38.56|0.00|6.94|||||||0.00||45.50|PEN|1.000||||||||1|
20210100|2021010001|M00338|23/01/2021||12|2291115040600071|0056877||1|11111111|||36.44|0.00|6.56|||||||0.00||43.00|PEN|1.000||||||||1|
20210100|2021010001|M00339|23/01/2021||12|2291115040600071|0056878||1|11111111|||114.41|0.00|20.59|||||||0.00||135.00|PEN|1.000||||||||1|
20210100|2021010001|M00340|23/01/2021||12|2291115040600071|0056879||1|11111111|||58.47|0.00|10.53|||||||0.00||69.00|PEN|1.000||||||||1|
20210100|2021010001|M00341|23/01/2021||12|2291115040600071|0056880||1|11111111|||14.41|0.00|2.59|||||||0.00||17.00|PEN|1.000||||||||1|
20210100|2021010001|M00342|23/01/2021||12|2291115040600071|0056881||1|11111111|||44.92|0.00|8.08|||||||0.00||53.00|PEN|1.000||||||||1|
20210100|2021010001|M00343|23/01/2021||12|2291115040600071|0056882||1|11111111|||80.51|0.00|14.49|||||||0.00||95.00|PEN|1.000||||||||1|
20210100|2021010001|M00344|23/01/2021||12|2291115040600071|0056883||1|11111111|||28.81|0.00|5.19|||||||0.00||34.00|PEN|1.000||||||||1|
20210100|2021010001|M00345|23/01/2021||12|2291115040600071|0056884||1|11111111|||7.20|0.00|1.30|||||||0.00||8.50|PEN|1.000||||||||1|
20210100|2021010001|M00346|24/01/2021||12|2291115040600071|0056885||1|11111111|||25.42|0.00|4.58|||||||0.00||30.00|PEN|1.000||||||||1|
20210100|2021010001|M00347|24/01/2021||12|2291115040600071|0056886||1|11111111|||38.14|0.00|6.86|||||||0.00||45.00|PEN|1.000||||||||1|
20210100|2021010001|M00348|24/01/2021||12|2291115040600071|0056887||1|11111111|||38.14|0.00|6.86|||||||0.00||45.00|PEN|1.000||||||||1|
20210100|2021010001|M00349|24/01/2021||12|2291115040600071|0056888||1|11111111|||26.69|0.00|4.81|||||||0.00||31.50|PEN|1.000||||||||1|
20210100|2021010001|M00350|24/01/2021||12|2291115040600071|0056889||1|11111111|||15.25|0.00|2.75|||||||0.00||18.00|PEN|1.000||||||||1|
20210100|2021010001|M00351|24/01/2021||12|2291115040600071|0056890||1|11111111|||49.15|0.00|8.85|||||||0.00||58.00|PEN|1.000||||||||1|
20210100|2021010001|M00352|24/01/2021||12|2291115040600071|0056891||1|11111111|||37.71|0.00|6.79|||||||0.00||44.50|PEN|1.000||||||||1|
20210100|2021010001|M00353|24/01/2021||12|2291115040600071|0056892||1|11111111|||25.42|0.00|4.58|||||||0.00||30.00|PEN|1.000||||||||1|
20210100|2021010001|M00354|24/01/2021||12|2291115040600071|0056893||1|11111111|||48.31|0.00|8.69|||||||0.00||57.00|PEN|1.000||||||||1|
20210100|2021010001|M00355|24/01/2021||12|2291115040600071|0056894||1|11111111|||32.20|0.00|5.80|||||||0.00||38.00|PEN|1.000||||||||1|
20210100|2021010001|M00356|24/01/2021||12|2291115040600071|0056895||1|11111111|||28.81|0.00|5.19|||||||0.00||34.00|PEN|1.000||||||||1|
20210100|2021010001|M00357|24/01/2021||12|2291115040600071|0056896||1|11111111|||38.14|0.00|6.86|||||||0.00||45.00|PEN|1.000||||||||1|
20210100|2021010001|M00358|24/01/2021||12|2291115040600071|0056897||1|11111111|||28.39|0.00|5.11|||||||0.00||33.50|PEN|1.000||||||||1|
20210100|2021010001|M00359|24/01/2021||12|2291115040600071|0056898||1|11111111|||72.03|0.00|12.97|||||||0.00||85.00|PEN|1.000||||||||1|
20210100|2021010001|M00360|24/01/2021||12|2291115040600071|0056899||1|11111111|||22.88|0.00|4.12|||||||0.00||27.00|PEN|1.000||||||||1|
20210100|2021010001|M00361|24/01/2021||12|2291115040600071|0056900||1|11111111|||53.81|0.00|9.69|||||||0.00||63.50|PEN|1.000||||||||1|
20210100|2021010001|M00362|24/01/2021||12|2291115040600071|0056901||1|11111111|||33.90|0.00|6.10|||||||0.00||40.00|PEN|1.000||||||||1|
20210100|2021010001|M00363|24/01/2021||12|2291115040600071|0056902||1|11111111|||27.54|0.00|4.96|||||||0.00||32.50|PEN|1.000||||||||1|
20210100|2021010001|M00364|24/01/2021||12|2291115040600071|0056903||1|11111111|||41.10|0.00|7.40|||||||0.00||48.50|PEN|1.000||||||||1|
20210100|2021010001|M00365|24/01/2021||12|2291115040600071|0056904||1|11111111|||14.41|0.00|2.59|||||||0.00||17.00|PEN|1.000||||||||1|
20210100|2021010001|M00366|24/01/2021||12|2291115040600071|0056905||1|11111111|||34.32|0.00|6.18|||||||0.00||40.50|PEN|1.000||||||||1|
20210100|2021010001|M00367|24/01/2021||12|2291115040600071|0056906||1|11111111|||68.64|0.00|12.36|||||||0.00||81.00|PEN|1.000||||||||1|
20210100|2021010001|M00368|25/01/2021||12|2291115040600071|0056907||1|11111111|||22.46|0.00|4.04|||||||0.00||26.50|PEN|1.000||||||||1|
20210100|2021010001|M00369|25/01/2021||12|2291115040600071|0056908||1|11111111|||36.44|0.00|6.56|||||||0.00||43.00|PEN|1.000||||||||1|
20210100|2021010001|M00370|25/01/2021||12|2291115040600071|0056909||1|11111111|||121.19|0.00|21.81|||||||0.00||143.00|PEN|1.000||||||||1|
20210100|2021010001|M00371|25/01/2021||12|2291115040600071|0056910||1|11111111|||50.85|0.00|9.15|||||||0.00||60.00|PEN|1.000||||||||1|
20210100|2021010001|M00372|25/01/2021||12|2291115040600071|0056911||1|11111111|||20.76|0.00|3.74|||||||0.00||24.50|PEN|1.000||||||||1|
20210100|2021010001|M00373|25/01/2021||12|2291115040600071|0056912||1|11111111|||30.51|0.00|5.49|||||||0.00||36.00|PEN|1.000||||||||1|
20210100|2021010001|M00374|25/01/2021||12|2291115040600071|0056913||1|11111111|||30.34|0.00|5.46|||||||0.00||35.80|PEN|1.000||||||||1|
20210100|2021010001|M00375|25/01/2021||12|2291115040600071|0056914||1|11111111|||14.41|0.00|2.59|||||||0.00||17.00|PEN|1.000||||||||1|
20210100|2021010001|M00376|25/01/2021||12|2291115040600071|0056915||1|11111111|||76.27|0.00|13.73|||||||0.00||90.00|PEN|1.000||||||||1|
20210100|2021010001|M00377|25/01/2021||12|2291115040600071|0056916||1|11111111|||19.92|0.00|3.58|||||||0.00||23.50|PEN|1.000||||||||1|
20210100|2021010001|M00378|25/01/2021||12|2291115040600071|0056917||1|11111111|||19.75|0.00|3.55|||||||0.00||23.30|PEN|1.000||||||||1|
20210100|2021010001|M00379|25/01/2021||12|2291115040600071|0056918||1|11111111|||26.27|0.00|4.73|||||||0.00||31.00|PEN|1.000||||||||1|
20210100|2021010001|M00380|25/01/2021||12|2291115040600071|0056919||1|11111111|||55.08|0.00|9.92|||||||0.00||65.00|PEN|1.000||||||||1|
20210100|2021010001|M00381|25/01/2021||12|2291115040600071|0056920||1|11111111|||33.90|0.00|6.10|||||||0.00||40.00|PEN|1.000||||||||1|
20210100|2021010001|M00382|25/01/2021||12|2291115040600071|0056921||1|11111111|||30.08|0.00|5.42|||||||0.00||35.50|PEN|1.000||||||||1|
20210100|2021010001|M00383|25/01/2021||12|2291115040600071|0056922||1|11111111|||42.37|0.00|7.63|||||||0.00||50.00|PEN|1.000||||||||1|
20210100|2021010001|M00384|25/01/2021||12|2291115040600071|0056923||1|11111111|||14.41|0.00|2.59|||||||0.00||17.00|PEN|1.000||||||||1|
20210100|2021010001|M00385|25/01/2021||12|2291115040600071|0056924||1|11111111|||15.25|0.00|2.75|||||||0.00||18.00|PEN|1.000||||||||1|
20210100|2021010001|M00386|26/01/2021||12|2291115040600071|0056925||1|11111111|||22.88|0.00|4.12|||||||0.00||27.00|PEN|1.000||||||||1|
20210100|2021010001|M00387|26/01/2021||12|2291115040600071|0056926||1|11111111|||14.41|0.00|2.59|||||||0.00||17.00|PEN|1.000||||||||1|
20210100|2021010001|M00388|26/01/2021||12|2291115040600071|0056927||1|11111111|||30.93|0.00|5.57|||||||0.00||36.50|PEN|1.000||||||||1|
20210100|2021010001|M00389|26/01/2021||12|2291115040600071|0056928||1|11111111|||45.76|0.00|8.24|||||||0.00||54.00|PEN|1.000||||||||1|
20210100|2021010001|M00390|26/01/2021||12|2291115040600071|0056929||1|11111111|||43.22|0.00|7.78|||||||0.00||51.00|PEN|1.000||||||||1|
20210100|2021010001|M00391|26/01/2021||12|2291115040600071|0056930||1|11111111|||31.78|0.00|5.72|||||||0.00||37.50|PEN|1.000||||||||1|
20210100|2021010001|M00392|26/01/2021||12|2291115040600071|0056931||1|11111111|||27.12|0.00|4.88|||||||0.00||32.00|PEN|1.000||||||||1|
20210100|2021010001|M00393|26/01/2021||12|2291115040600071|0056932||1|11111111|||26.27|0.00|4.73|||||||0.00||31.00|PEN|1.000||||||||1|
20210100|2021010001|M00394|26/01/2021||12|2291115040600071|0056933||1|11111111|||16.10|0.00|2.90|||||||0.00||19.00|PEN|1.000||||||||1|
20210100|2021010001|M00395|26/01/2021||12|2291115040600071|0056934||1|11111111|||14.83|0.00|2.67|||||||0.00||17.50|PEN|1.000||||||||1|
20210100|2021010001|M00396|26/01/2021||12|2291115040600071|0056935||1|11111111|||50.00|0.00|9.00|||||||0.00||59.00|PEN|1.000||||||||1|
20210100|2021010001|M00397|26/01/2021||12|2291115040600071|0056936||1|11111111|||53.81|0.00|9.69|||||||0.00||63.50|PEN|1.000||||||||1|
20210100|2021010001|M00398|26/01/2021||12|2291115040600071|0056937||1|11111111|||30.51|0.00|5.49|||||||0.00||36.00|PEN|1.000||||||||1|
20210100|2021010001|M00399|26/01/2021||12|2291115040600071|0056938||1|11111111|||86.86|0.00|15.64|||||||0.00||102.50|PEN|1.000||||||||1|
20210100|2021010001|M00400|26/01/2021||12|2291115040600071|0056939||1|11111111|||22.03|0.00|3.97|||||||0.00||26.00|PEN|1.000||||||||1|
20210100|2021010001|M00401|26/01/2021||12|2291115040600071|0056940||1|11111111|||37.29|0.00|6.71|||||||0.00||44.00|PEN|1.000||||||||1|
20210100|2021010001|M00402|26/01/2021||12|2291115040600071|0056941||1|11111111|||80.08|0.00|14.42|||||||0.00||94.50|PEN|1.000||||||||1|
20210100|2021010001|M00403|26/01/2021||12|2291115040600071|0056942||1|11111111|||38.14|0.00|6.86|||||||0.00||45.00|PEN|1.000||||||||1|
20210100|2021010001|M00404|26/01/2021||12|2291115040600071|0056943||1|11111111|||23.73|0.00|4.27|||||||0.00||28.00|PEN|1.000||||||||1|
20210100|2021010001|M00405|26/01/2021||12|2291115040600071|0056944||1|11111111|||39.41|0.00|7.09|||||||0.00||46.50|PEN|1.000||||||||1|
20210100|2021010001|M00406|26/01/2021||12|2291115040600071|0056945||1|11111111|||31.78|0.00|5.72|||||||0.00||37.50|PEN|1.000||||||||1|
20210100|2021010001|M00407|26/01/2021||12|2291115040600071|0056946||1|11111111|||182.63|0.00|32.87|||||||0.00||215.50|PEN|1.000||||||||1|
20210100|2021010001|M00408|26/01/2021||12|2291115040600071|0056947||1|11111111|||58.47|0.00|10.53|||||||0.00||69.00|PEN|1.000||||||||1|
20210100|2021010001|M00409|26/01/2021||12|2291115040600071|0056948||1|11111111|||32.20|0.00|5.80|||||||0.00||38.00|PEN|1.000||||||||1|
20210100|2021010001|M00410|27/01/2021||12|2291115040600071|0056949||1|11111111|||22.88|0.00|4.12|||||||0.00||27.00|PEN|1.000||||||||1|
20210100|2021010001|M00411|27/01/2021||12|2291115040600071|0056950||1|11111111|||38.14|0.00|6.86|||||||0.00||45.00|PEN|1.000||||||||1|
20210100|2021010001|M00412|27/01/2021||12|2291115040600071|0056951||1|11111111|||10.59|0.00|1.91|||||||0.00||12.50|PEN|1.000||||||||1|
20210100|2021010001|M00413|27/01/2021||12|2291115040600071|0056952||1|11111111|||31.36|0.00|5.64|||||||0.00||37.00|PEN|1.000||||||||1|
20210100|2021010001|M00414|27/01/2021||12|2291115040600071|0056953||1|11111111|||31.78|0.00|5.72|||||||0.00||37.50|PEN|1.000||||||||1|
20210100|2021010001|M00415|27/01/2021||12|2291115040600071|0056954||1|11111111|||50.85|0.00|9.15|||||||0.00||60.00|PEN|1.000||||||||1|
20210100|2021010001|M00416|27/01/2021||12|2291115040600071|0056955||1|11111111|||50.00|0.00|9.00|||||||0.00||59.00|PEN|1.000||||||||1|
20210100|2021010001|M00417|27/01/2021||12|2291115040600071|0056956||1|11111111|||22.88|0.00|4.12|||||||0.00||27.00|PEN|1.000||||||||1|
20210100|2021010001|M00418|27/01/2021||12|2291115040600071|0056957||1|11111111|||15.25|0.00|2.75|||||||0.00||18.00|PEN|1.000||||||||1|
20210100|2021010001|M00419|27/01/2021||12|2291115040600071|0056958||1|11111111|||106.36|0.00|19.14|||||||0.00||125.50|PEN|1.000||||||||1|
20210100|2021010001|M00420|27/01/2021||12|2291115040600071|0056959||1|11111111|||17.80|0.00|3.20|||||||0.00||21.00|PEN|1.000||||||||1|
20210100|2021010001|M00421|27/01/2021||12|2291115040600071|0056960||1|11111111|||22.88|0.00|4.12|||||||0.00||27.00|PEN|1.000||||||||1|
20210100|2021010001|M00422|27/01/2021||12|2291115040600071|0056961||1|11111111|||15.25|0.00|2.75|||||||0.00||18.00|PEN|1.000||||||||1|
20210100|2021010001|M00423|27/01/2021||12|2291115040600071|0056962||1|11111111|||30.51|0.00|5.49|||||||0.00||36.00|PEN|1.000||||||||1|
20210100|2021010001|M00424|27/01/2021||12|2291115040600071|0056963||1|11111111|||59.32|0.00|10.68|||||||0.00||70.00|PEN|1.000||||||||1|
20210100|2021010001|M00425|27/01/2021||12|2291115040600071|0056964||1|11111111|||32.63|0.00|5.87|||||||0.00||38.50|PEN|1.000||||||||1|
20210100|2021010001|M00426|27/01/2021||12|2291115040600071|0056965||1|11111111|||41.10|0.00|7.40|||||||0.00||48.50|PEN|1.000||||||||1|
20210100|2021010001|M00427|27/01/2021||12|2291115040600071|0056966||1|11111111|||22.88|0.00|4.12|||||||0.00||27.00|PEN|1.000||||||||1|
20210100|2021010001|M00428|27/01/2021||12|2291115040600071|0056967||1|11111111|||31.36|0.00|5.64|||||||0.00||37.00|PEN|1.000||||||||1|
20210100|2021010001|M00429|27/01/2021||12|2291115040600071|0056968||1|11111111|||29.66|0.00|5.34|||||||0.00||35.00|PEN|1.000||||||||1|
20210100|2021010001|M00430|27/01/2021||12|2291115040600071|0056969||1|11111111|||19.92|0.00|3.58|||||||0.00||23.50|PEN|1.000||||||||1|
20210100|2021010001|M00431|27/01/2021||12|2291115040600071|0056970||1|11111111|||30.51|0.00|5.49|||||||0.00||36.00|PEN|1.000||||||||1|
20210100|2021010001|M00432|27/01/2021||12|2291115040600071|0056971||1|11111111|||32.20|0.00|5.80|||||||0.00||38.00|PEN|1.000||||||||1|
20210100|2021010001|M00433|27/01/2021||12|2291115040600071|0056972||1|11111111|||38.56|0.00|6.94|||||||0.00||45.50|PEN|1.000||||||||1|
20210100|2021010001|M00434|28/01/2021||01|F002|0000001||6|20548379840|PALTARUMI S.A.C.||55.51|0.00|9.99|||||||0.00||65.50|PEN|1.000||||||||1|
20210100|2021010001|M00435|28/01/2021||01|F002|0000002||6|20482679049|POSITION TECHNOLOGIES S.R.L.||63.56|0.00|11.44|||||||0.00||75.00|PEN|1.000||||||||1|
20210100|2021010001|M00436|28/01/2021||01|F002|0000003||6|20482087541|J M J E.I.R.L.||48.31|0.00|8.69|||||||0.00||57.00|PEN|1.000||||||||1|
20210100|2021010001|M00437|28/01/2021||03|B002|0000001||1|11111111|||59.32|0.00|10.68|||||||0.00||70.00|PEN|1.000||||||||1|
20210100|2021010001|M00438|28/01/2021||03|B002|0000002||1|11111111|||11.44|0.00|2.06|||||||0.00||13.50|PEN|1.000||||||||1|
20210100|2021010001|M00439|28/01/2021||03|B002|0000003||1|11111111|||28.39|0.00|5.11|||||||0.00||33.50|PEN|1.000||||||||1|
20210100|2021010001|M00440|28/01/2021||03|B002|0000004||1|11111111|||27.12|0.00|4.88|||||||0.00||32.00|PEN|1.000||||||||1|
20210100|2021010001|M00441|28/01/2021||03|B002|0000005||1|11111111|||18.05|0.00|3.25|||||||0.00||21.30|PEN|1.000||||||||1|
20210100|2021010001|M00442|28/01/2021||03|B002|0000006||1|11111111|||30.17|0.00|5.43|||||||0.00||35.60|PEN|1.000||||||||1|
20210100|2021010001|M00443|28/01/2021||03|B002|0000007||1|11111111|||27.12|0.00|4.88|||||||0.00||32.00|PEN|1.000||||||||1|
20210100|2021010001|M00444|28/01/2021||03|B002|0000008||1|11111111|||28.81|0.00|5.19|||||||0.00||34.00|PEN|1.000||||||||1|
20210100|2021010001|M00445|28/01/2021||03|B002|0000009||1|11111111|||19.07|0.00|3.43|||||||0.00||22.50|PEN|1.000||||||||1|
20210100|2021010001|M00446|28/01/2021||03|B002|0000010||1|11111111|||26.27|0.00|4.73|||||||0.00||31.00|PEN|1.000||||||||1|
20210100|2021010001|M00447|28/01/2021||03|B002|0000011||1|11111111|||41.53|0.00|7.47|||||||0.00||49.00|PEN|1.000||||||||1|
20210100|2021010001|M00448|28/01/2021||03|B002|0000012||1|11111111|||33.90|0.00|6.10|||||||0.00||40.00|PEN|1.000||||||||1|
20210100|2021010001|M00449|28/01/2021||03|B002|0000013||1|11111111|||29.24|0.00|5.26|||||||0.00||34.50|PEN|1.000||||||||1|
20210100|2021010001|M00450|28/01/2021||03|B002|0000014||1|11111111|||19.49|0.00|3.51|||||||0.00||23.00|PEN|1.000||||||||1|
20210100|2021010001|M00451|28/01/2021||03|B002|0000015||1|11111111|||26.69|0.00|4.81|||||||0.00||31.50|PEN|1.000||||||||1|
20210100|2021010001|M00452|28/01/2021||03|B002|0000016||1|11111111|||15.25|0.00|2.75|||||||0.00||18.00|PEN|1.000||||||||1|
20210100|2021010001|M00453|28/01/2021||03|B002|0000017||1|11111111|||24.58|0.00|4.42|||||||0.00||29.00|PEN|1.000||||||||1|
20210100|2021010001|M00454|28/01/2021||03|B002|0000018||1|11111111|||18.64|0.00|3.36|||||||0.00||22.00|PEN|1.000||||||||1|
20210100|2021010001|M00455|28/01/2021||03|B002|0000019||1|11111111|||17.37|0.00|3.13|||||||0.00||20.50|PEN|1.000||||||||1|
20210100|2021010001|M00456|28/01/2021||03|B002|0000020||1|11111111|||22.03|0.00|3.97|||||||0.00||26.00|PEN|1.000||||||||1|
20210100|2021010001|M00457|28/01/2021||03|B002|0000021||1|11111111|||10.17|0.00|1.83|||||||0.00||12.00|PEN|1.000||||||||1|
20210100|2021010001|M00458|28/01/2021||03|B002|0000022||1|11111111|||29.66|0.00|5.34|||||||0.00||35.00|PEN|1.000||||||||1|
20210100|2021010001|M00459|28/01/2021||03|B002|0000023||1|11111111|||19.32|0.00|3.48|||||||0.00||22.80|PEN|1.000||||||||1|
20210100|2021010001|M00460|28/01/2021||03|B002|0000024||1|11111111|||19.07|0.00|3.43|||||||0.00||22.50|PEN|1.000||||||||1|
20210100|2021010001|M00461|28/01/2021||03|B002|0000025||1|11111111|||31.78|0.00|5.72|||||||0.00||37.50|PEN|1.000||||||||1|
20210100|2021010001|M00462|28/01/2021||03|B002|0000026||1|11111111|||10.17|0.00|1.83|||||||0.00||12.00|PEN|1.000||||||||1|
20210100|2021010001|M00463|28/01/2021||03|B002|0000027||1|11111111|||32.20|0.00|5.80|||||||0.00||38.00|PEN|1.000||||||||1|
20210100|2021010001|M00464|28/01/2021||03|B002|0000028||1|11111111|||17.80|0.00|3.20|||||||0.00||21.00|PEN|1.000||||||||1|
20210100|2021010001|M00465|28/01/2021||03|B002|0000029||1|11111111|||27.97|0.00|5.03|||||||0.00||33.00|PEN|1.000||||||||1|
20210100|2021010001|M00466|28/01/2021||03|B002|0000030||1|11111111|||12.29|0.00|2.21|||||||0.00||14.50|PEN|1.000||||||||1|
20210100|2021010001|M00467|28/01/2021||03|B002|0000031||1|11111111|||26.27|0.00|4.73|||||||0.00||31.00|PEN|1.000||||||||1|
20210100|2021010001|M00468|28/01/2021||03|B002|0000032||1|11111111|||26.27|0.00|4.73|||||||0.00||31.00|PEN|1.000||||||||1|
20210100|2021010001|M00469|28/01/2021||03|B002|0000033||1|11111111|||18.64|0.00|3.36|||||||0.00||22.00|PEN|1.000||||||||1|
20210100|2021010001|M00470|29/01/2021||01|F002|0000004||6|20133605291|EMPRESA DE TRANSPORTES AVE FENIX S.A.C.||41.95|0.00|7.55|||||||0.00||49.50|PEN|1.000||||||||1|
20210100|2021010001|M00471|29/01/2021||01|F002|0000005||6|20604993696|SRC SOLUCIONES INTEGRALES SAC||101.69|0.00|18.31|||||||0.00||120.00|PEN|1.000||||||||1|
20210100|2021010001|M00472|29/01/2021||01|F002|0000006||6|20495869491|AUTOMOTRIZ J. SALAZAR EIRL||75.00|0.00|13.50|||||||0.00||88.50|PEN|1.000||||||||1|
20210100|2021010001|M00473|29/01/2021||01|F002|0000007||6|20492189589|FULLTEC PERU S.A.C.||19.49|0.00|3.51|||||||0.00||23.00|PEN|1.000||||||||1|
20210100|2021010001|M00474|29/01/2021||01|F002|0000008||6|20492189589|FULLTEC PERU S.A.C.||18.64|0.00|3.36|||||||0.00||22.00|PEN|1.000||||||||1|
20210100|2021010001|M00475|29/01/2021||01|F002|0000009||6|20480963017|GRUPO ROCA AZUL S.A.C. - ROCA AZUL S.A.C.||72.03|0.00|12.97|||||||0.00||85.00|PEN|1.000||||||||1|
20210100|2021010001|M00476|29/01/2021||01|F002|0000010||6|20510106394|SIENNA MINERALS SAC||62.71|0.00|11.29|||||||0.00||74.00|PEN|1.000||||||||1|
20210100|2021010001|M00477|29/01/2021||01|F002|0000011||6|20502344367|POINT ANDINA S.A.||56.61|0.00|10.19|||||||0.00||66.80|PEN|1.000||||||||1|
20210100|2021010001|M00478|29/01/2021||01|F002|0000012||6|20601224667|HIDRAULICA DLC E.I.R.L.||81.36|0.00|14.64|||||||0.00||96.00|PEN|1.000||||||||1|
20210100|2021010001|M00479|29/01/2021||03|B002|0000034||1|11111111|||0.00|0.00|0.00|||||||0.00||0.00|PEN|1.000||||||||2|
20210100|2021010001|M00480|29/01/2021||03|B002|0000035||1|11111111|||31.36|0.00|5.64|||||||0.00||37.00|PEN|1.000||||||||1|
20210100|2021010001|M00481|29/01/2021||03|B002|0000036||1|11111111|||78.81|0.00|14.19|||||||0.00||93.00|PEN|1.000||||||||1|
20210100|2021010001|M00482|29/01/2021||03|B002|0000037||1|11111111|||41.95|0.00|7.55|||||||0.00||49.50|PEN|1.000||||||||1|
20210100|2021010001|M00483|29/01/2021||03|B002|0000038||1|11111111|||30.51|0.00|5.49|||||||0.00||36.00|PEN|1.000||||||||1|
20210100|2021010001|M00484|29/01/2021||03|B002|0000039||1|11111111|||15.25|0.00|2.75|||||||0.00||18.00|PEN|1.000||||||||1|
20210100|2021010001|M00485|29/01/2021||03|B002|0000040||1|11111111|||46.44|0.00|8.36|||||||0.00||54.80|PEN|1.000||||||||1|
20210100|2021010001|M00486|29/01/2021||03|B002|0000041||1|11111111|||2.54|0.00|0.46|||||||0.00||3.00|PEN|1.000||||||||1|
20210100|2021010001|M00487|29/01/2021||03|B002|0000042||1|11111111|||19.32|0.00|3.48|||||||0.00||22.80|PEN|1.000||||||||1|
20210100|2021010001|M00488|29/01/2021||03|B002|0000043||1|11111111|||5.51|0.00|0.99|||||||0.00||6.50|PEN|1.000||||||||1|
20210100|2021010001|M00489|29/01/2021||03|B002|0000044||1|11111111|||16.95|0.00|3.05|||||||0.00||20.00|PEN|1.000||||||||1|
20210100|2021010001|M00490|29/01/2021||03|B002|0000045||1|11111111|||56.78|0.00|10.22|||||||0.00||67.00|PEN|1.000||||||||1|
20210100|2021010001|M00491|29/01/2021||03|B002|0000046||1|11111111|||77.97|0.00|14.03|||||||0.00||92.00|PEN|1.000||||||||1|
20210100|2021010001|M00492|29/01/2021||03|B002|0000047||1|11111111|||68.64|0.00|12.36|||||||0.00||81.00|PEN|1.000||||||||1|
20210100|2021010001|M00493|29/01/2021||03|B002|0000048||1|11111111|||19.49|0.00|3.51|||||||0.00||23.00|PEN|1.000||||||||1|
20210100|2021010001|M00494|29/01/2021||03|B002|0000049||1|11111111|||18.64|0.00|3.36|||||||0.00||22.00|PEN|1.000||||||||1|
20210100|2021010001|M00495|29/01/2021||03|B002|0000050||1|11111111|||58.90|0.00|10.60|||||||0.00||69.50|PEN|1.000||||||||1|
20210100|2021010001|M00496|29/01/2021||03|B002|0000051||1|11111111|||20.76|0.00|3.74|||||||0.00||24.50|PEN|1.000||||||||1|
20210100|2021010001|M00497|29/01/2021||03|B002|0000052||1|11111111|||44.49|0.00|8.01|||||||0.00||52.50|PEN|1.000||||||||1|
20210100|2021010001|M00498|29/01/2021||03|B002|0000053||1|11111111|||20.34|0.00|3.66|||||||0.00||24.00|PEN|1.000||||||||1|
20210100|2021010001|M00499|30/01/2021||01|F002|0000013||6|20437481653|SERVISAP S.R.L.||50.00|0.00|9.00|||||||0.00||59.00|PEN|1.000||||||||1|
20210100|2021010001|M00500|30/01/2021||01|F002|0000014||6|10702338781|AKARLEY POMA LUIS MARTIN||52.54|0.00|9.46|||||||0.00||62.00|PEN|1.000||||||||1|
20210100|2021010001|M00501|30/01/2021||01|F002|0000015||6|20480963017|GRUPO ROCA AZUL S.A.C. - ROCA AZUL S.A.C.||26.27|0.00|4.73|||||||0.00||31.00|PEN|1.000||||||||1|
20210100|2021010001|M00502|30/01/2021||01|F002|0000016||6|20495743986|E & G COURIER EIRL||19.75|0.00|3.55|||||||0.00||23.30|PEN|1.000||||||||1|
20210100|2021010001|M00503|30/01/2021||01|F002|0000017||6|20510106394|SIENNA MINERALS SAC||91.53|0.00|16.47|||||||0.00||108.00|PEN|1.000||||||||1|
20210100|2021010001|M00504|30/01/2021||01|F002|0000018||6|20477632409|GRAFICA B & N E.I.R.L.||17.80|0.00|3.20|||||||0.00||21.00|PEN|1.000||||||||1|
20210100|2021010001|M00505|30/01/2021||01|F002|0000019||6|20603241542|MULTISERVICIOS OREDAVILA JAB S.A.C.||52.54|0.00|9.46|||||||0.00||62.00|PEN|1.000||||||||1|
20210100|2021010001|M00506|30/01/2021||01|F002|0000020||6|10176225195|VILLA CHUNGA JOSE LUIS||76.27|0.00|13.73|||||||0.00||90.00|PEN|1.000||||||||1|
20210100|2021010001|M00507|30/01/2021||01|F002|0000021||6|10181101933|HUACACOLQUE VARGAS FRANKLIN ALEXANDER||49.15|0.00|8.85|||||||0.00||58.00|PEN|1.000||||||||1|
20210100|2021010001|M00508|30/01/2021||03|B002|0000054||1|11111111|||92.80|0.00|16.70|||||||0.00||109.50|PEN|1.000||||||||1|
20210100|2021010001|M00509|30/01/2021||03|B002|0000055||1|11111111|||114.41|0.00|20.59|||||||0.00||135.00|PEN|1.000||||||||1|
20210100|2021010001|M00510|30/01/2021||03|B002|0000056||1|11111111|||14.83|0.00|2.67|||||||0.00||17.50|PEN|1.000||||||||1|
20210100|2021010001|M00511|30/01/2021||03|B002|0000057||1|11111111|||55.93|0.00|10.07|||||||0.00||66.00|PEN|1.000||||||||1|
20210100|2021010001|M00512|30/01/2021||03|B002|0000058||1|11111111|||37.29|0.00|6.71|||||||0.00||44.00|PEN|1.000||||||||1|
20210100|2021010001|M00513|30/01/2021||03|B002|0000059||1|11111111|||79.66|0.00|14.34|||||||0.00||94.00|PEN|1.000||||||||1|
20210100|2021010001|M00514|30/01/2021||03|B002|0000060||1|11111111|||38.98|0.00|7.02|||||||0.00||46.00|PEN|1.000||||||||1|
20210100|2021010001|M00515|30/01/2021||03|B002|0000061||1|11111111|||51.27|0.00|9.23|||||||0.00||60.50|PEN|1.000||||||||1|
20210100|2021010001|M00516|30/01/2021||03|B002|0000062||1|11111111|||78.81|0.00|14.19|||||||0.00||93.00|PEN|1.000||||||||1|
20210100|2021010001|M00517|30/01/2021||03|B002|0000063||1|11111111|||46.61|0.00|8.39|||||||0.00||55.00|PEN|1.000||||||||1|
20210100|2021010001|M00518|30/01/2021||03|B002|0000064||1|11111111|||63.81|0.00|11.49|||||||0.00||75.30|PEN|1.000||||||||1|
20210100|2021010001|M00519|30/01/2021||03|B002|0000065||1|11111111|||68.64|0.00|12.36|||||||0.00||81.00|PEN|1.000||||||||1|
20210100|2021010001|M00520|30/01/2021||03|B002|0000066||1|11111111|||19.07|0.00|3.43|||||||0.00||22.50|PEN|1.000||||||||1|
20210100|2021010001|M00521|30/01/2021||03|B002|0000067||1|11111111|||28.81|0.00|5.19|||||||0.00||34.00|PEN|1.000||||||||1|
20210100|2021010001|M00522|30/01/2021||03|B002|0000068||1|11111111|||14.83|0.00|2.67|||||||0.00||17.50|PEN|1.000||||||||1|
20210100|2021010001|M00523|30/01/2021||03|B002|0000069||1|11111111|||63.98|0.00|11.52|||||||0.00||75.50|PEN|1.000||||||||1|
20210100|2021010001|M00524|30/01/2021||03|B002|0000070||1|11111111|||52.54|0.00|9.46|||||||0.00||62.00|PEN|1.000||||||||1|
20210100|2021010001|M00525|30/01/2021||03|B002|0000071||1|11111111|||76.27|0.00|13.73|||||||0.00||90.00|PEN|1.000||||||||1|
20210100|2021010001|M00526|30/01/2021||03|B002|0000072||1|11111111|||63.39|0.00|11.41|||||||0.00||74.80|PEN|1.000||||||||1|
20210100|2021010001|M00527|30/01/2021||03|B002|0000073||1|11111111|||14.41|0.00|2.59|||||||0.00||17.00|PEN|1.000||||||||1|
20210100|2021010001|M00528|30/01/2021||03|B002|0000074||1|11111111|||25.00|0.00|4.50|||||||0.00||29.50|PEN|1.000||||||||1|
20210100|2021010001|M00529|30/01/2021||03|B002|0000075||1|11111111|||37.71|0.00|6.79|||||||0.00||44.50|PEN|1.000||||||||1|
20210100|2021010001|M00530|30/01/2021||03|B002|0000076||1|11111111|||52.54|0.00|9.46|||||||0.00||62.00|PEN|1.000||||||||1|
20210100|2021010001|M00531|30/01/2021||03|B002|0000077||1|11111111|||36.02|0.00|6.48|||||||0.00||42.50|PEN|1.000||||||||1|
20210100|2021010001|M00532|31/01/2021||01|F002|0000022||6|20601847320|MARYIEN E.I.R.L.||32.20|0.00|5.80|||||||0.00||38.00|PEN|1.000||||||||1|
20210100|2021010001|M00533|31/01/2021||01|F002|0000023||6|20397609082|REPALSA S.A.||105.08|0.00|18.92|||||||0.00||124.00|PEN|1.000||||||||1|
20210100|2021010001|M00534|31/01/2021||03|B002|0000078||1|11111111|||139.83|0.00|25.17|||||||0.00||165.00|PEN|1.000||||||||1|
20210100|2021010001|M00535|31/01/2021||03|B002|0000079||1|11111111|||29.66|0.00|5.34|||||||0.00||35.00|PEN|1.000||||||||1|
20210100|2021010001|M00536|31/01/2021||03|B002|0000080||1|11111111|||30.51|0.00|5.49|||||||0.00||36.00|PEN|1.000||||||||1|
20210100|2021010001|M00537|31/01/2021||03|B002|0000081||1|11111111|||15.25|0.00|2.75|||||||0.00||18.00|PEN|1.000||||||||1|
20210100|2021010001|M00538|31/01/2021||03|B002|0000082||1|11111111|||44.07|0.00|7.93|||||||0.00||52.00|PEN|1.000||||||||1|
20210100|2021010001|M00539|31/01/2021||03|B002|0000083||1|11111111|||56.78|0.00|10.22|||||||0.00||67.00|PEN|1.000||||||||1|
20210100|2021010001|M00540|31/01/2021||03|B002|0000084||1|11111111|||15.25|0.00|2.75|||||||0.00||18.00|PEN|1.000||||||||1|
20210100|2021010001|M00541|31/01/2021||03|B002|0000085||1|11111111|||16.10|0.00|2.90|||||||0.00||19.00|PEN|1.000||||||||1|
20210100|2021010001|M00542|31/01/2021||03|B002|0000086||1|11111111|||22.88|0.00|4.12|||||||0.00||27.00|PEN|1.000||||||||1|
20210100|2021010001|M00543|31/01/2021||03|B002|0000087||1|11111111|||31.78|0.00|5.72|||||||0.00||37.50|PEN|1.000||||||||1|
20210100|2021010001|M00544|31/01/2021||03|B002|0000088||1|11111111|||12.29|0.00|2.21|||||||0.00||14.50|PEN|1.000||||||||1|
20210100|2021010001|M00545|31/01/2021||03|B002|0000089||1|11111111|||76.27|0.00|13.73|||||||0.00||90.00|PEN|1.000||||||||1|
20210100|2021010001|M00546|31/01/2021||03|B002|0000090||1|11111111|||29.49|0.00|5.31|||||||0.00||34.80|PEN|1.000||||||||1|
20210100|2021010001|M00547|31/01/2021||03|B002|0000091||1|11111111|||60.59|0.00|10.91|||||||0.00||71.50|PEN|1.000||||||||1|
20210100|2021010001|M00548|31/01/2021||03|B002|0000092||1|11111111|||52.54|0.00|9.46|||||||0.00||62.00|PEN|1.000||||||||1|
20210100|2021010001|M00549|31/01/2021||03|B002|0000093||1|11111111|||56.78|0.00|10.22|||||||0.00||67.00|PEN|1.000||||||||1|
20210100|2021010001|M00550|31/01/2021||03|B002|0000094||1|11111111|||22.03|0.00|3.97|||||||0.00||26.00|PEN|1.000||||||||1|
20210100|2021010001|M00551|31/01/2021||03|B002|0000095||1|11111111|||41.53|0.00|7.47|||||||0.00||49.00|PEN|1.000||||||||1|
20210100|2021010001|M00552|31/01/2021||03|B002|0000096||1|11111111|||53.39|0.00|9.61|||||||0.00||63.00|PEN|1.000||||||||1|
20210100|2021010001|M00553|31/01/2021||03|B002|0000097||1|11111111|||72.03|0.00|12.97|||||||0.00||85.00|PEN|1.000||||||||1|
20210100|2021010001|M00554|31/01/2021||03|B002|0000098||1|11111111|||77.97|0.00|14.03|||||||0.00||92.00|PEN|1.000||||||||1|
20210100|2021010001|M00555|31/01/2021||03|B002|0000099||1|11111111|||150.68|0.00|27.12|||||||0.00||177.80|PEN|1.000||||||||1|
20210100|2021010001|M00556|31/01/2021||03|B002|0000100||1|11111111|||59.32|0.00|10.68|||||||0.00||70.00|PEN|1.000||||||||1|
20210100|2021010001|M00557|31/01/2021||03|B002|0000101||1|11111111|||52.54|0.00|9.46|||||||0.00||62.00|PEN|1.000||||||||1|
20210100|2021010001|M00558|31/01/2021||03|B002|0000102||1|11111111|||41.78|0.00|7.52|||||||0.00||49.30|PEN|1.000||||||||1|
20210100|2021010001|M00559|31/01/2021||03|B002|0000103||1|11111111|||30.51|0.00|5.49|||||||0.00||36.00|PEN|1.000||||||||1|
